0 0.404545 0.153112 0.015909 0.019917
0 0.140909 0.667635 0.011364 0.035408
0 0.130682 0.945920 0.013636 0.032089
0 0.195076 0.887828 0.013636 0.033195
0 0.134470 0.823098 0.016667 0.029875
0 0.575000 0.809267 0.014394 0.035408
0 0.915530 0.985961 0.018182 0.028077
0 0.929155 0.949882 0.021935 0.024500
0 0.537500 0.898340 0.015152 0.036515
0 0.403030 0.276487 0.009849 0.058645
0 0.901894 0.932642 0.013636 0.045366
0 0.237879 0.767220 0.018939 0.033195
0 0.007238 0.027970 0.014476 0.043647
0 0.428409 0.202351 0.015152 0.043154
0 0.398864 0.082849 0.018182 0.036515
0 0.473106 0.427524 0.037879 0.017704
0 0.125000 0.968603 0.020455 0.033195
0 0.190909 0.710235 0.032576 0.021024
0 0.274242 0.708022 0.029545 0.023237
0 0.211742 0.625035 0.015151 0.045366
0 0.534969 0.117462 0.015484 0.045230
0 0.491667 0.574136 0.020454 0.034302
0 0.917803 0.720747 0.015151 0.046473
0 0.746212 0.826971 0.018939 0.037621
0 0.625379 0.456847 0.019697 0.036515
0 0.422348 0.113831 0.019697 0.036515
0 0.590530 0.748963 0.015151 0.047579
0 0.338258 0.337898 0.018182 0.039834
0 0.025000 0.929322 0.025000 0.029876
0 0.918182 0.804288 0.023485 0.032089
0 0.823106 0.192946 0.022727 0.033195
0 0.690530 0.041909 0.016667 0.045367
0 0.158387 0.887078 0.017287 0.044671
0 0.991262 0.556240 0.017476 0.044686
0 0.385985 0.268188 0.019697 0.039834
0 0.199621 0.547026 0.019697 0.039834
0 0.185985 0.834716 0.021212 0.037621
0 0.246591 0.855740 0.018182 0.044260
0 0.471545 0.418032 0.034574 0.023307
0 0.417424 0.373859 0.018939 0.043153
0 0.573106 0.716874 0.016667 0.049793
0 0.976171 0.990964 0.046771 0.018073
0 0.868939 0.901107 0.017424 0.048686
0 0.923106 0.104426 0.016667 0.050899
0 0.375000 0.582988 0.021970 0.038728
0 0.353409 0.750622 0.024242 0.035408
0 0.454924 0.654357 0.019697 0.044260
0 0.660606 0.651037 0.025000 0.035408
0 0.008625 0.102274 0.016201 0.054659
0 0.496970 0.148133 0.021970 0.040940
0 0.903994 0.032921 0.023225 0.039576
0 0.860606 0.620055 0.021970 0.042047
0 0.720076 0.731812 0.018182 0.050899
0 0.245833 0.479530 0.018182 0.050899
0 0.544318 0.774412 0.036364 0.025450
0 0.133333 0.252144 0.031061 0.029876
0 0.058333 0.952006 0.026515 0.035408
0 0.900379 0.875104 0.018182 0.052005
0 0.558333 0.902766 0.021970 0.043154
0 0.008591 0.530028 0.016299 0.058948
0 0.401515 0.777732 0.023485 0.040941
0 0.656061 0.701936 0.031061 0.030982
0 0.507228 0.078828 0.027096 0.035807
0 0.991171 0.342757 0.016964 0.057995
0 0.401894 0.387690 0.021212 0.046473
0 0.432576 0.087829 0.020455 0.048686
0 0.740530 0.346750 0.022727 0.044260
0 0.387121 0.481189 0.029545 0.034302
0 0.757362 0.989841 0.049899 0.020317
0 0.559848 0.090595 0.020454 0.049793
0 0.140530 0.605118 0.031818 0.032088
0 0.781620 0.341193 0.026217 0.039005
0 0.290909 0.681466 0.025000 0.040941
0 0.246351 0.115231 0.026333 0.039673
0 0.414773 0.733472 0.028788 0.036514
0 0.451136 0.299723 0.027273 0.038727
0 0.655052 0.467559 0.029255 0.036902
0 0.624621 0.512310 0.021212 0.050899
0 0.260302 0.013437 0.040836 0.026873
0 0.437500 0.514385 0.021212 0.052005
0 0.873485 0.157538 0.035606 0.030982
0 0.020781 0.213386 0.026934 0.041202
0 0.587879 0.648824 0.038636 0.028769
0 0.823106 0.121024 0.031818 0.035408
0 0.581818 0.541079 0.020454 0.055325
0 0.840530 0.425311 0.019697 0.057538
0 0.494697 0.365007 0.029545 0.038728
0 0.385015 0.890794 0.027073 0.042404
0 0.240489 0.378900 0.039614 0.029535
0 0.057955 0.224481 0.039394 0.029876
0 0.473052 0.016780 0.035485 0.033560
0 0.009228 0.059558 0.018455 0.064910
0 0.356193 0.979792 0.031873 0.037651
0 0.835016 0.598272 0.027395 0.043829
0 0.540130 0.442903 0.033548 0.035807
0 0.525379 0.513831 0.027273 0.044260
0 0.815909 0.029184 0.032576 0.037621
0 0.857869 0.291493 0.028721 0.042804
0 0.713258 0.244398 0.030303 0.040941
0 0.632480 0.051542 0.031640 0.039270
0 0.854545 0.914938 0.025000 0.049793
0 0.512879 0.878976 0.023485 0.053112
0 0.351202 0.088826 0.027925 0.044671
0 0.123975 0.115916 0.029018 0.043127
0 0.710227 0.769433 0.025758 0.048686
0 0.301515 0.620609 0.026515 0.047580
0 0.295455 0.471231 0.028030 0.045367
0 0.251515 0.730152 0.031061 0.040941
0 0.306030 0.809336 0.029198 0.043755
0 0.314328 0.695406 0.030967 0.041461
0 0.010773 0.463012 0.020716 0.062629
0 0.009807 0.966183 0.019614 0.066423
0 0.396591 0.411480 0.030303 0.043153
0 0.882955 0.694191 0.033333 0.039834
0 0.790530 0.782158 0.036364 0.036515
0 0.384470 0.215629 0.036364 0.036515
0 0.990099 0.653758 0.019410 0.069093
0 0.404077 0.978039 0.033391 0.040560
0 0.195076 0.366113 0.045455 0.029876
0 0.325643 0.226287 0.029914 0.045465
0 0.065304 0.568554 0.041223 0.033018
0 0.877282 0.227820 0.030375 0.045003
0 0.523574 0.987983 0.057223 0.024034
0 0.888258 0.620055 0.034848 0.039834
0 0.625000 0.751176 0.034091 0.040941
0 0.479167 0.223928 0.033333 0.042047
0 0.958537 0.227285 0.030173 0.046776
0 0.983932 0.476188 0.029333 0.048788
0 0.063314 0.160498 0.033146 0.043225
0 0.159091 0.517704 0.026515 0.054219
0 0.306493 0.018933 0.038032 0.037866
0 0.523485 0.960858 0.031061 0.046473
0 0.524198 0.033967 0.029301 0.049407
0 0.766823 0.040849 0.033822 0.043489
0 0.742707 0.022556 0.041289 0.035807
0 0.578259 0.167414 0.037881 0.039767
0 0.460227 0.111065 0.027273 0.055325
0 0.662063 0.423115 0.032257 0.047114
0 0.276653 0.932443 0.031179 0.048958
0 0.732977 0.240718 0.027211 0.056226
0 0.840138 0.024062 0.031966 0.048124
0 0.902164 0.220281 0.033185 0.046694
0 0.809097 0.431948 0.039065 0.039767
0 0.773106 0.904979 0.025758 0.060857
0 0.308721 0.757103 0.035077 0.044842
0 0.926398 0.841858 0.035180 0.045369
0 0.932925 0.042876 0.035700 0.045099
0 0.900146 0.186734 0.033223 0.048931
0 0.545076 0.708022 0.024242 0.067497
0 0.424328 0.319721 0.035183 0.046529
0 0.955303 0.964730 0.047727 0.034302
0 0.700127 0.823645 0.046451 0.035807
0 0.889781 0.898984 0.033141 0.050351
0 0.805980 0.458819 0.035904 0.046613
0 0.750769 0.570933 0.034312 0.048895
0 0.488648 0.446681 0.033197 0.050538
0 0.665154 0.916697 0.033732 0.049835
0 0.221627 0.020736 0.040924 0.041472
0 0.796872 0.573221 0.035570 0.047813
0 0.350060 0.223551 0.034002 0.050738
0 0.633046 0.337657 0.037053 0.047762
0 0.817822 0.547954 0.035467 0.050662
0 0.093939 0.825311 0.029545 0.060857
0 0.771212 0.812033 0.041667 0.043154
0 0.796198 0.224974 0.036716 0.049128
0 0.049793 0.676188 0.035015 0.051699
0 0.238114 0.627930 0.033816 0.053574
0 0.155357 0.378005 0.035266 0.051549
0 0.613639 0.807149 0.036567 0.049936
0 0.397513 0.807999 0.034893 0.052688
0 0.916258 0.756138 0.039528 0.046719
0 0.047077 0.489042 0.035754 0.052520
0 0.182900 0.043551 0.039365 0.048732
0 0.873960 0.771460 0.037171 0.052488
0 0.796211 0.134734 0.037761 0.051767
0 0.742216 0.191556 0.041268 0.047498
0 0.715289 0.075780 0.037376 0.052990
0 0.097827 0.329773 0.037026 0.053897
0 0.725291 0.809046 0.034399 0.058843
0 0.689750 0.461835 0.036006 0.057002
0 0.639032 0.093818 0.037416 0.055518
0 0.683452 0.863827 0.040660 0.051272
0 0.954961 0.313457 0.042580 0.048999
0 0.522336 0.402867 0.038316 0.054989
0 0.193802 0.975002 0.042156 0.049996
0 0.035623 0.133610 0.039764 0.053058
0 0.095413 0.978549 0.049549 0.042901
0 0.599927 0.559030 0.041070 0.051990
0 0.216248 0.437450 0.036611 0.058565
0 0.169710 0.345380 0.035820 0.059862
0 0.075991 0.955086 0.037855 0.056963
0 0.410821 0.517688 0.041041 0.053081
0 0.038198 0.591475 0.040336 0.054438
0 0.686845 0.182988 0.038814 0.056850
0 0.016026 0.278064 0.031742 0.071097
0 0.859170 0.387201 0.038142 0.059551
0 0.498248 0.854273 0.039541 0.058041
0 0.874242 0.827524 0.034091 0.067497
0 0.619719 0.260061 0.038715 0.059609
0 0.955942 0.697211 0.042247 0.055998
0 0.291059 0.139966 0.041173 0.057728
0 0.828859 0.847790 0.043663 0.054449
0 0.377789 0.694888 0.039685 0.059908
0 0.595217 0.278396 0.042044 0.056621
0 0.805682 0.733472 0.043939 0.054219
0 0.683106 0.071425 0.039684 0.060141
0 0.709278 0.034225 0.037658 0.063692
0 0.616603 0.883480 0.042293 0.056954
0 0.765491 0.705736 0.041935 0.057829
0 0.778498 0.744900 0.041366 0.058685
0 0.906783 0.678554 0.039771 0.061371
0 0.097676 0.947311 0.042656 0.057365
0 0.350135 0.384503 0.039546 0.062599
0 0.151756 0.974333 0.048660 0.051335
0 0.196589 0.503123 0.041268 0.061285
0 0.278777 0.429429 0.046925 0.054940
0 0.030828 0.855494 0.044943 0.058622
0 0.667226 0.128626 0.043006 0.061599
0 0.811786 0.891971 0.043139 0.061579
0 0.749550 0.309468 0.042858 0.062597
0 0.208488 0.333663 0.043332 0.062492
0 0.227468 0.898066 0.042637 0.064677
0 0.616201 0.033099 0.042208 0.066198
0 0.367820 0.309569 0.043832 0.063935
0 0.431883 0.267108 0.044873 0.063027
0 0.052242 0.285288 0.044825 0.063319
0 0.828303 0.798472 0.043169 0.065748
0 0.884766 0.053937 0.046090 0.063043
0 0.562698 0.503867 0.042848 0.071020
0 0.077407 0.799832 0.052488 0.061790
0 0.576962 0.464768 0.049806 0.067382
0 0.645272 0.914204 0.043660 0.077770
0 0.666478 0.198918 0.049351 0.072176
0 0.527216 0.473032 0.048995 0.072958
0 0.063044 0.897696 0.048391 0.075106
0 0.754684 0.441778 0.050999 0.075848
0 0.947732 0.773759 0.050562 0.077925
0 0.029423 0.322353 0.049487 0.080233
0 0.025822 0.394287 0.051645 0.084661
1 0.961674 0.049043 0.076652 0.098086
1 0.028348 0.557499 0.056359 0.140328
1 0.347876 0.482509 0.100643 0.094229
1 0.075884 0.598871 0.112257 0.103437
1 0.054711 0.160979 0.099623 0.121911
1 0.319505 0.158862 0.082001 0.157743
1 0.405006 0.091675 0.073001 0.181113
1 0.791738 0.500412 0.074837 0.180919
1 0.833905 0.096595 0.115689 0.118475
1 0.078601 0.710336 0.136965 0.110706
1 0.232504 0.244306 0.078001 0.203022
1 0.597207 0.879309 0.206113 0.083515
1 0.602064 0.395848 0.116127 0.148881
1 0.483357 0.327945 0.121288 0.150766
1 0.216911 0.427473 0.153545 0.126266
1 0.706248 0.587976 0.097072 0.203933
1 0.540775 0.767638 0.210318 0.094229
1 0.964538 0.692157 0.070924 0.287832
1 0.261443 0.516114 0.074467 0.277737
1 0.115992 0.261644 0.127848 0.169440
1 0.159052 0.542334 0.127657 0.170915
1 0.039164 0.356401 0.078328 0.285803
1 0.486583 0.521702 0.109675 0.216726
1 0.781416 0.245612 0.126449 0.195995
1 0.609806 0.239959 0.180642 0.146996
1 0.045468 0.783316 0.090937 0.316538
1 0.236265 0.625353 0.199996 0.254417
1 0.181501 0.825558 0.232974 0.348885
