0 0.122000 0.834222 0.012667 0.055704
0 0.103333 0.780296 0.022000 0.049778
0 0.426506 0.397965 0.032560 0.036619
0 0.202123 0.378063 0.029109 0.043224
0 0.984333 0.875111 0.021333 0.061630
0 0.508667 0.600741 0.024667 0.053333
0 0.660333 0.162815 0.040000 0.033185
0 0.218000 0.175259 0.027333 0.048593
0 0.014667 0.972519 0.024667 0.054963
0 0.989638 0.713216 0.020724 0.065759
0 0.076614 0.061410 0.027241 0.050908
0 0.007203 0.226280 0.014406 0.098205
0 0.088226 0.425701 0.030506 0.046777
0 0.517351 0.666231 0.037478 0.038545
0 0.696000 0.308000 0.039333 0.036741
0 0.586749 0.123404 0.029558 0.049012
0 0.641307 0.213513 0.032838 0.046343
0 0.981319 0.020520 0.037362 0.041039
0 0.101858 0.295698 0.028855 0.054124
0 0.492000 0.761333 0.035333 0.045037
0 0.102659 0.501544 0.030465 0.054278
0 0.341512 0.500601 0.030449 0.055424
0 0.396667 0.183556 0.022000 0.077037
0 0.713000 0.689630 0.030667 0.055704
0 0.605091 0.165479 0.033573 0.050913
0 0.602308 0.763024 0.031396 0.055829
0 0.073547 0.145753 0.033985 0.052391
0 0.420667 0.540296 0.036667 0.048593
0 0.185333 0.404593 0.028667 0.064000
0 0.180667 0.261185 0.043333 0.042667
0 0.242301 0.215425 0.036411 0.050936
0 0.740667 0.705037 0.036667 0.050963
0 0.872901 0.880367 0.034722 0.054075
0 0.100057 0.677422 0.034534 0.054849
0 0.885000 0.370222 0.026667 0.071111
0 0.248187 0.391632 0.034348 0.057102
0 0.566333 0.667704 0.044000 0.045037
0 0.399333 0.283111 0.031333 0.065185
0 0.642604 0.325975 0.037500 0.055087
0 0.325722 0.425087 0.031866 0.065225
0 0.963399 0.897292 0.035490 0.059170
0 0.419309 0.156441 0.033253 0.063169
0 0.672000 0.818815 0.026000 0.081778
0 0.834667 0.290222 0.026000 0.081778
0 0.760759 0.767245 0.036138 0.059994
0 0.101333 0.398074 0.030000 0.072296
0 0.256069 0.162126 0.041672 0.052076
0 0.061234 0.107162 0.035441 0.061524
0 0.985392 0.559548 0.029215 0.075736
0 0.198201 0.332154 0.039709 0.055743
0 0.085740 0.520004 0.035995 0.061758
0 0.139014 0.339759 0.038011 0.059043
0 0.414371 0.430057 0.035113 0.065545
0 0.047667 0.655852 0.022667 0.101926
0 0.602628 0.826921 0.037277 0.062227
0 0.559000 0.724000 0.038667 0.060444
0 0.347835 0.682000 0.040264 0.058088
0 0.486333 0.680148 0.036000 0.065185
0 0.603324 0.586997 0.036490 0.064334
0 0.679000 0.634519 0.033333 0.071111
0 0.060366 0.964113 0.040437 0.059131
0 0.137911 0.431193 0.036708 0.065252
0 0.612272 0.230093 0.034283 0.070333
0 0.895786 0.819393 0.039196 0.061615
0 0.781000 0.326963 0.038667 0.062815
0 0.041249 0.923532 0.037238 0.065577
0 0.214493 0.093931 0.036614 0.067340
0 0.364667 0.436593 0.035333 0.071111
0 0.679116 0.333949 0.039434 0.063939
0 0.101939 0.051359 0.036251 0.069795
0 0.084333 0.259556 0.034667 0.073481
0 0.824989 0.808275 0.039431 0.064802
0 0.197177 0.301181 0.047254 0.054148
0 0.314000 0.229111 0.024667 0.104296
0 0.947667 0.836000 0.028000 0.092444
0 0.284333 0.121926 0.041333 0.062815
0 0.306124 0.429772 0.041375 0.063191
0 0.680667 0.531407 0.048667 0.054518
0 0.373667 0.719852 0.030667 0.087704
0 0.568414 0.607533 0.041418 0.067551
0 0.134000 0.032212 0.043519 0.064424
0 0.310526 0.918891 0.040763 0.068789
0 0.830698 0.530473 0.043993 0.066503
0 0.739580 0.169175 0.045574 0.064579
0 0.050667 0.324741 0.038000 0.078222
0 0.741333 0.616741 0.034000 0.087704
0 0.811985 0.333680 0.041465 0.072356
0 0.042368 0.874598 0.049316 0.061506
0 0.915216 0.205437 0.045734 0.066346
0 0.878075 0.118585 0.045675 0.066713
0 0.802887 0.078656 0.044802 0.068439
0 0.340774 0.465942 0.041777 0.073547
0 0.726333 0.772000 0.050667 0.061629
0 0.889101 0.630971 0.048799 0.064612
0 0.658748 0.476736 0.050873 0.062635
0 0.432907 0.464989 0.043701 0.073611
0 0.313808 0.709701 0.042215 0.077719
0 0.634655 0.271054 0.045040 0.074580
0 0.435333 0.356324 0.048004 0.071567
0 0.264086 0.598363 0.044985 0.076884
0 0.550690 0.146546 0.049787 0.069757
0 0.196083 0.905878 0.044225 0.078729
0 0.291401 0.872650 0.044979 0.077579
0 0.612120 0.332532 0.043848 0.079668
0 0.692069 0.226753 0.046484 0.075365
0 0.452489 0.283381 0.044682 0.078964
0 0.055667 0.841926 0.056000 0.064000
0 0.590904 0.219068 0.045248 0.079941
0 0.189813 0.864613 0.050391 0.071794
0 0.915973 0.160940 0.047147 0.080556
0 0.715904 0.732447 0.056318 0.070028
0 0.544157 0.669355 0.045669 0.088161
0 0.509333 0.894667 0.050000 0.084148
0 0.573833 0.776443 0.047976 0.087750
0 0.582636 0.085042 0.053219 0.080258
0 0.964542 0.704105 0.052592 0.107015
1 0.897392 0.161919 0.084309 0.153382
1 0.040684 0.117687 0.081369 0.235373
1 0.871628 0.588290 0.125855 0.195150
1 0.302000 0.622667 0.124667 0.199111
1 0.340510 0.482923 0.142520 0.279902
1 0.605632 0.749049 0.154634 0.292447
1 0.870990 0.837598 0.161597 0.311654
1 0.656649 0.276612 0.175577 0.345669
1 0.523572 0.524605 0.245417 0.383530
1 0.532197 0.272360 0.231837 0.419227
