0 0.482570 0.479381 0.022656 0.035539
0 0.435925 0.305114 0.019990 0.047977
0 0.481501 0.204685 0.023307 0.042377
0 0.924358 0.144345 0.021323 0.047977
0 0.812019 0.507117 0.018205 0.058766
0 0.799751 0.132309 0.022656 0.047977
0 0.202343 0.263145 0.022248 0.050852
0 0.878254 0.355236 0.022248 0.053677
0 0.717124 0.832504 0.025321 0.051531
0 0.285997 0.521771 0.037315 0.035539
0 0.218029 0.416087 0.037316 0.035539
0 0.242602 0.102819 0.039199 0.035314
0 0.253904 0.674892 0.040668 0.034643
0 0.322588 0.290903 0.036020 0.040964
0 0.636974 0.392777 0.021883 0.068568
0 0.322646 0.138443 0.030652 0.049754
0 0.769663 0.239355 0.036020 0.046614
0 0.512555 0.630249 0.029319 0.060415
0 0.077430 0.942928 0.043979 0.040869
0 0.580557 0.863483 0.043436 0.045202
0 0.824406 0.291684 0.034650 0.056862
0 0.687805 0.231268 0.033317 0.060415
0 0.116745 0.404939 0.039981 0.055085
0 0.775096 0.384759 0.045312 0.056862
1 0.083150 0.113565 0.105283 0.158147
1 0.576113 0.282026 0.132488 0.142679
1 0.351689 0.254830 0.135935 0.145708
1 0.619427 0.661825 0.100895 0.250029
1 0.087815 0.291258 0.165254 0.172362
1 0.377010 0.444073 0.149262 0.211455
1 0.804045 0.569287 0.156257 0.221204
1 0.627532 0.144884 0.204485 0.180050
1 0.123749 0.750623 0.247498 0.239209
1 0.443450 0.737733 0.238553 0.341170
