1 0.733824 0.575438 0.129370 0.176093
1 0.483044 0.416084 0.127046 0.168344
0 0.208034 0.747578 0.045332 0.060506
0 0.255702 0.029771 0.021896 0.028276
0 0.429340 0.195564 0.021010 0.028510
0 0.769265 0.409148 0.025111 0.033117
0 0.705351 0.261176 0.022161 0.029773
0 0.467435 0.049938 0.034921 0.048024
0 0.481769 0.213619 0.021239 0.028995
0 0.386611 0.182762 0.031019 0.040543
0 0.487384 0.035167 0.020353 0.027532
0 0.386644 0.103911 0.026834 0.036137
0 0.238916 0.117158 0.020169 0.026740
0 0.251147 0.146006 0.025384 0.033881
0 0.134197 0.301108 0.028999 0.036409
1 0.841316 0.266432 0.127039 0.168215
0 0.060161 0.081333 0.020331 0.027128
0 0.142688 0.103438 0.024333 0.033739
0 0.442076 0.555367 0.042784 0.058960
1 0.184217 0.164041 0.115750 0.157413
0 0.950281 0.723257 0.041528 0.055271
0 0.364809 0.111083 0.037667 0.051186
0 0.515532 0.111406 0.029879 0.040809
0 0.617824 0.122840 0.017944 0.023285
0 0.679936 0.369418 0.040344 0.063458
0 0.242834 0.488290 0.032718 0.041268
0 0.849269 0.176970 0.023020 0.031195
0 0.990851 0.272095 0.018298 0.030006
0 0.093493 0.148473 0.022910 0.030715
0 0.867286 0.136540 0.021981 0.029106
0 0.779271 0.484527 0.033285 0.042442
0 0.854313 0.101897 0.023433 0.030661
0 0.731780 0.105657 0.022825 0.030349
0 0.651714 0.299648 0.023766 0.030968
0 0.652778 0.369837 0.031418 0.040171
0 0.923224 0.376326 0.032116 0.046788
1 0.627010 0.087859 0.094905 0.126634
0 0.141777 0.245918 0.019058 0.025120
0 0.808046 0.395526 0.024430 0.033080
0 0.401282 0.262893 0.022564 0.030136
0 0.200429 0.504557 0.023746 0.033111
0 0.770627 0.371233 0.021567 0.028785
0 0.436560 0.023467 0.035405 0.046935
0 0.628857 0.134128 0.023678 0.030398
0 0.041160 0.035193 0.024396 0.032090
0 0.560367 0.085158 0.018338 0.024476
0 0.379898 0.272137 0.019089 0.025024
0 0.227822 0.385672 0.027231 0.038257
0 0.970447 0.515861 0.030480 0.042055
0 0.243927 0.242059 0.021364 0.029232
0 0.132789 0.227660 0.019244 0.025207
0 0.264810 0.464919 0.024377 0.032421
0 0.894294 0.391969 0.018016 0.024188
0 0.156845 0.392078 0.049266 0.060808
0 0.937727 0.619737 0.034945 0.047499
0 0.454545 0.257275 0.019372 0.025687
0 0.604394 0.115702 0.017955 0.023607
0 0.182998 0.500616 0.026811 0.036250
0 0.487725 0.826244 0.046845 0.056399
0 0.894358 0.374707 0.019873 0.027137
0 0.506796 0.228366 0.014102 0.020181
0 0.055306 0.104156 0.027114 0.034074
0 0.410820 0.195191 0.019290 0.026275
0 0.467597 0.080849 0.017785 0.024408
0 0.807428 0.326122 0.025889 0.032969
0 0.214067 0.367126 0.022015 0.028880
0 0.777109 0.044361 0.029185 0.039291
0 0.547838 0.069536 0.018765 0.025197
0 0.909353 0.405389 0.026685 0.035652
0 0.229982 0.043682 0.034427 0.044510
0 0.285151 0.514621 0.044857 0.054230
0 0.797077 0.386354 0.021933 0.029593
0 0.592381 0.098310 0.021400 0.027412
0 0.161857 0.477233 0.025832 0.034564
0 0.412656 0.340579 0.026324 0.034457
0 0.161079 0.680223 0.053148 0.065168
0 0.829932 0.690115 0.026499 0.036463
0 0.372443 0.015492 0.019449 0.025929
0 0.715187 0.140540 0.017558 0.024513
0 0.844755 0.600165 0.025647 0.034481
0 0.581976 0.279138 0.026000 0.037716
0 0.712439 0.225957 0.042915 0.057717
0 0.694056 0.469646 0.023782 0.031712
0 0.806765 0.516629 0.024949 0.033464
0 0.868183 0.221069 0.034858 0.047894
0 0.510605 0.333403 0.017422 0.023462
0 0.692154 0.212091 0.020249 0.027181
0 0.844926 0.310803 0.021354 0.027579
0 0.289654 0.213141 0.020184 0.027431
0 0.189640 0.059702 0.016303 0.021882
0 0.846975 0.634340 0.022477 0.030022
0 0.175087 0.069771 0.024243 0.035675
0 0.242674 0.603654 0.029427 0.040415
0 0.364357 0.086932 0.018323 0.023351
0 0.686427 0.247469 0.022250 0.029180
0 0.251618 0.173645 0.020684 0.025887
0 0.387350 0.966582 0.027550 0.038131
0 0.571462 0.142024 0.017008 0.022890
0 0.652142 0.142411 0.016304 0.022002
0 0.447247 0.223635 0.016735 0.022777
0 0.859647 0.516717 0.024571 0.033896
1 0.881154 0.053209 0.093145 0.106418
1 0.577944 0.597769 0.115134 0.161042
0 0.065986 0.030271 0.017821 0.023955
0 0.160977 0.123482 0.016948 0.022785
0 0.027522 0.318589 0.023048 0.031759
0 0.664478 0.447493 0.023262 0.032722
0 0.685250 0.430775 0.023506 0.031461
0 0.403579 0.357268 0.022259 0.029330
0 0.806431 0.066968 0.019503 0.025171
0 0.698516 0.123630 0.017768 0.024519
0 0.227308 0.071593 0.014360 0.020413
0 0.121693 0.491504 0.022081 0.029517
0 0.280464 0.308110 0.020821 0.027875
0 0.926384 0.262943 0.018587 0.025216
0 0.758624 0.256317 0.020654 0.027359
0 0.874711 0.851820 0.036938 0.049384
0 0.747920 0.116055 0.037256 0.049953
0 0.925411 0.792010 0.053415 0.083511
0 0.859371 0.452313 0.031742 0.043078
0 0.404340 0.522274 0.031729 0.042382
0 0.736038 0.243249 0.018328 0.024150
0 0.426892 0.543335 0.023628 0.033492
0 0.522912 0.242515 0.017517 0.023780
0 0.435995 0.154636 0.019044 0.025677
0 0.360067 0.029471 0.018710 0.025124
1 0.295394 0.053403 0.087129 0.103578
0 0.971825 0.122719 0.021629 0.029398
0 0.132917 0.194028 0.019771 0.026124
0 0.045694 0.050523 0.016155 0.020954
0 0.240381 0.317855 0.020934 0.027637
0 0.814950 0.082268 0.017421 0.023343
0 0.075303 0.127823 0.017896 0.024270
0 0.708431 0.126080 0.017518 0.023835
0 0.052204 0.070671 0.016316 0.021591
0 0.915447 0.256678 0.016528 0.023974
0 0.680358 0.232122 0.017152 0.023254
0 0.430646 0.523353 0.021630 0.029037
0 0.750042 0.317066 0.019299 0.027234
1 0.895643 0.953984 0.091083 0.091236
0 0.299042 0.371039 0.019735 0.026081
0 0.024747 0.375347 0.021072 0.028582
0 0.660274 0.948962 0.027913 0.038288
0 0.758615 0.298771 0.019375 0.024544
0 0.512113 0.012312 0.016083 0.022021
0 0.310059 0.448840 0.031669 0.039371
0 0.036779 0.334580 0.020098 0.027809
0 0.654385 0.812016 0.028837 0.038989
0 0.919100 0.271219 0.015154 0.020921
0 0.967671 0.025021 0.033245 0.044267
0 0.269393 0.800843 0.033776 0.047716
0 0.382594 0.256522 0.019178 0.025553
0 0.170471 0.096570 0.015425 0.020725
0 0.627380 0.299575 0.018297 0.024683
0 0.328547 0.092942 0.015506 0.020942
0 0.632694 0.378994 0.022689 0.029994
0 0.089809 0.425769 0.025635 0.034018
0 0.813364 0.330614 0.018526 0.026003
0 0.869514 0.439324 0.021569 0.029667
0 0.493643 0.230514 0.013905 0.019540
0 0.640632 0.354129 0.022325 0.031200
0 0.788569 0.639712 0.020418 0.028553
0 0.109612 0.446451 0.019974 0.027324
0 0.855473 0.140037 0.017858 0.024390
0 0.282736 0.115993 0.015148 0.020011
0 0.860663 0.669506 0.018433 0.024576
0 0.355383 0.292634 0.054415 0.069665
0 0.972240 0.570660 0.025434 0.034826
0 0.041631 0.094090 0.020473 0.025845
0 0.052933 0.010311 0.027610 0.020060
0 0.047356 0.381763 0.020472 0.027837
0 0.853036 0.047602 0.018341 0.024695
0 0.733734 0.207950 0.017311 0.023322
0 0.543263 0.285759 0.017392 0.024558
1 0.711042 0.226309 0.045250 0.063174
0 0.302077 0.496511 0.025342 0.032164
0 0.164543 0.622705 0.022528 0.030137
0 0.813231 0.226440 0.019373 0.026050
0 0.728637 0.251692 0.015792 0.022545
0 0.533814 0.279617 0.031678 0.046337
0 0.751388 0.080974 0.018882 0.024805
0 0.870924 0.409837 0.017881 0.023879
0 0.814489 0.609268 0.024440 0.031211
0 0.239231 0.423873 0.018348 0.024262
0 0.173495 0.290599 0.016080 0.021512
0 0.023585 0.022183 0.017621 0.022958
1 0.354394 0.291202 0.051898 0.067734
0 0.351114 0.322956 0.018180 0.023945
0 0.477351 0.088354 0.014576 0.019109
0 0.943244 0.248114 0.023832 0.030806
0 0.243617 0.053796 0.017155 0.023642
0 0.807128 0.731939 0.021474 0.028051
0 0.666188 0.472503 0.017764 0.023250
0 0.076512 0.110803 0.017124 0.022882
1 0.516601 0.206555 0.075281 0.096595
0 0.254247 0.046715 0.015743 0.021654
0 0.234644 0.357282 0.020163 0.028257
1 0.479157 0.888761 0.121319 0.195863
1 0.733820 0.575437 0.129375 0.176098
1 0.483042 0.416083 0.127050 0.168346
0 0.208034 0.747577 0.045331 0.060502
0 0.255703 0.029770 0.021898 0.028275
0 0.429341 0.195563 0.021012 0.028513
0 0.705351 0.261177 0.022162 0.029774
0 0.769265 0.409148 0.025111 0.033118
0 0.467433 0.049939 0.034920 0.048023
0 0.481769 0.213618 0.021240 0.028997
0 0.386611 0.182762 0.031020 0.040542
0 0.487384 0.035167 0.020353 0.027535
0 0.386644 0.103911 0.026835 0.036136
0 0.238917 0.117158 0.020169 0.026740
0 0.251147 0.146006 0.025384 0.033880
0 0.134197 0.301108 0.029000 0.036413
1 0.841315 0.266429 0.127037 0.168220
0 0.060161 0.081334 0.020333 0.027129
0 0.142688 0.103438 0.024333 0.033740
0 0.442078 0.555367 0.042785 0.058957
1 0.184215 0.164038 0.115752 0.157421
0 0.950281 0.723258 0.041530 0.055272
0 0.364809 0.111084 0.037667 0.051187
0 0.515532 0.111407 0.029878 0.040808
0 0.617824 0.122840 0.017943 0.023284
0 0.679577 0.368421 0.040155 0.059094
0 0.242835 0.488290 0.032718 0.041269
0 0.849269 0.176969 0.023022 0.031197
0 0.990852 0.272095 0.018297 0.030004
0 0.093493 0.148473 0.022912 0.030715
0 0.867287 0.136539 0.021984 0.029109
0 0.779271 0.484527 0.033284 0.042441
0 0.731779 0.105657 0.022826 0.030350
0 0.854312 0.101897 0.023434 0.030662
0 0.651714 0.299647 0.023767 0.030968
0 0.652777 0.369836 0.031417 0.040172
0 0.923225 0.376326 0.032115 0.046787
1 0.627010 0.087862 0.094910 0.126631
0 0.141777 0.245918 0.019057 0.025119
0 0.808047 0.395525 0.024430 0.033080
0 0.401282 0.262893 0.022565 0.030139
0 0.200430 0.504558 0.023747 0.033114
0 0.770627 0.371234 0.021569 0.028787
