0 0.402604 0.378212 0.023958 0.034722
0 0.728646 0.937934 0.023958 0.037500
0 0.292188 0.908073 0.023958 0.038889
0 0.627083 0.234527 0.022917 0.052778
0 0.157813 0.900434 0.032292 0.037500
0 0.821354 0.488629 0.021875 0.061111
0 0.098958 0.114974 0.029167 0.045833
0 0.302083 0.366406 0.031250 0.047222
0 0.489583 0.685851 0.035417 0.041667
0 0.370313 0.374913 0.032292 0.045833
0 0.294929 0.953401 0.034506 0.045612
0 0.630208 0.286914 0.035417 0.044444
0 0.078646 0.403906 0.023958 0.066667
0 0.461142 0.643209 0.034633 0.046124
0 0.100521 0.764323 0.032292 0.051389
0 0.410696 0.282257 0.035330 0.047398
0 0.138021 0.794184 0.038542 0.047222
0 0.915104 0.794184 0.032292 0.058333
0 0.212247 0.745545 0.046833 0.064746
0 0.497299 0.903626 0.062446 0.080991
1 0.438000 0.775250 0.129000 0.149333
1 0.184500 0.496583 0.134000 0.170667
1 0.869500 0.183917 0.210000 0.110667
1 0.184000 0.183250 0.153000 0.240000
1 0.468000 0.179250 0.119000 0.349333
1 0.889500 0.874500 0.210000 0.234667
1 0.648678 0.518496 0.233756 0.319924
1 0.383463 0.552769 0.261022 0.368978
