0 0.187917 0.611111 0.016667 0.016667
0 0.062096 0.549758 0.009854 0.039417
0 0.378275 0.478166 0.013100 0.030568
0 0.217500 0.640000 0.017500 0.023333
0 0.352917 0.519445 0.016667 0.026667
0 0.955417 0.170000 0.015000 0.030000
0 0.911250 0.853333 0.021667 0.021111
0 0.106441 0.641921 0.017467 0.026201
0 0.382642 0.452693 0.019651 0.023290
0 0.018333 0.155000 0.025833 0.017778
0 0.552500 0.246667 0.015833 0.030000
0 0.264583 0.887222 0.020000 0.024444
0 0.882500 0.543889 0.019167 0.026667
0 0.590611 0.577147 0.018559 0.027656
0 0.237917 0.250000 0.021667 0.025556
0 0.806223 0.914847 0.034935 0.016012
0 0.508667 0.491742 0.026124 0.022046
0 0.274167 0.283333 0.020833 0.027778
0 0.374619 0.177045 0.029563 0.019709
0 0.164167 0.175000 0.022500 0.026667
0 0.808406 0.364629 0.019651 0.030568
0 0.883750 0.312222 0.021667 0.027778
0 0.359957 0.813632 0.026624 0.022719
0 0.197598 0.751820 0.038210 0.016012
0 0.594978 0.772198 0.018559 0.033479
0 0.815417 0.282778 0.020000 0.031111
0 0.681511 0.426322 0.023932 0.026278
0 0.342795 0.074964 0.020742 0.030568
0 0.569167 0.475000 0.020833 0.031111
0 0.246667 0.270000 0.025833 0.025555
0 0.222083 0.300556 0.023333 0.028889
0 0.128613 0.632815 0.023228 0.029094
0 0.544214 0.566230 0.019651 0.034934
0 0.362991 0.256186 0.019651 0.034935
0 0.402838 0.920670 0.031659 0.021834
0 0.286026 0.782387 0.020742 0.033479
0 0.717957 0.338677 0.019005 0.036602
0 0.195415 0.673945 0.027293 0.026201
0 0.808406 0.845002 0.023932 0.030032
0 0.907083 0.746111 0.021667 0.033333
0 0.082500 0.971111 0.022500 0.032222
0 0.677948 0.905386 0.025109 0.029112
0 0.449583 0.201111 0.026667 0.027778
0 0.729804 0.697234 0.019651 0.037846
0 0.682083 0.584445 0.025000 0.030000
0 0.387555 0.139010 0.027293 0.027657
0 0.414301 0.787482 0.021834 0.034934
0 0.565502 0.571325 0.022926 0.033479
0 0.641922 0.598981 0.022926 0.033479
0 0.564410 0.021106 0.018559 0.042213
0 0.499206 0.943690 0.025340 0.030971
0 0.096667 0.124444 0.019167 0.041111
0 0.283333 0.706111 0.022500 0.035556
0 0.419760 0.642649 0.026201 0.030568
0 0.183406 0.693595 0.027293 0.030568
0 0.821619 0.702875 0.025559 0.032659
0 0.818232 0.339156 0.026201 0.032023
0 0.020417 0.866667 0.028333 0.030000
0 0.986081 0.674672 0.027838 0.030568
0 0.046258 0.604191 0.030267 0.028155
0 0.292917 0.452222 0.023333 0.036667
0 0.796667 0.528333 0.032500 0.026667
0 0.075873 0.759098 0.028384 0.030568
0 0.207424 0.963610 0.022926 0.037846
0 0.959061 0.230713 0.024018 0.036390
0 0.112445 0.604804 0.031659 0.027657
0 0.187227 0.641921 0.030568 0.029112
0 0.909167 0.085000 0.034167 0.026667
0 0.082917 0.423889 0.021667 0.042222
0 0.380000 0.328889 0.030833 0.030000
0 0.702083 0.767222 0.030000 0.031111
0 0.346645 0.365637 0.025559 0.036919
0 0.447917 0.436111 0.028333 0.033333
0 0.970524 0.735808 0.018559 0.050946
0 0.502083 0.880556 0.026667 0.035556
0 0.470524 0.720524 0.027293 0.034935
0 0.537083 0.730000 0.023333 0.041111
0 0.663756 0.092431 0.025109 0.039301
0 0.570833 0.671111 0.029167 0.034444
0 0.046397 0.666576 0.024018 0.042212
0 0.190502 0.414119 0.024018 0.042213
0 0.588974 0.143377 0.030568 0.033479
0 0.711667 0.871111 0.034167 0.030000
0 0.857292 0.719184 0.025000 0.041667
0 0.260371 0.045124 0.032751 0.032023
0 0.677132 0.874566 0.027451 0.038479
0 0.806223 0.727802 0.026201 0.040757
0 0.607800 0.817786 0.021116 0.050680
0 0.874454 0.457788 0.027293 0.039301
0 0.425218 0.417758 0.028384 0.037846
0 0.806223 0.590975 0.028384 0.037846
0 0.882096 0.125182 0.031659 0.034934
0 0.247271 0.527657 0.026201 0.042213
0 0.216703 0.427220 0.028384 0.039301
0 0.784935 0.860262 0.022926 0.049490
0 0.508188 0.550218 0.039301 0.029112
0 0.039847 0.375546 0.026201 0.043668
0 0.591157 0.846434 0.032751 0.036390
0 0.824479 0.628212 0.030208 0.040278
0 0.191667 0.207222 0.039167 0.031111
0 0.317083 0.921111 0.028333 0.043333
0 0.507642 0.082242 0.038210 0.033479
0 0.949236 0.601892 0.030568 0.045124
0 0.413756 0.570597 0.036026 0.040757
0 0.628333 0.397222 0.044167 0.037778
0 0.073149 0.202449 0.039470 0.050320
0 0.908333 0.694184 0.075000 0.052778
1 0.737000 0.883250 0.057000 0.077333
1 0.735500 0.963625 0.082000 0.072750
1 0.963250 0.287250 0.073500 0.160000
1 0.679000 0.507250 0.135000 0.109333
1 0.649463 0.741456 0.113515 0.174128
1 0.839000 0.597917 0.077000 0.269333
1 0.888919 0.951237 0.222161 0.097525
1 0.370087 0.713974 0.134279 0.216885
1 0.820500 0.217917 0.224000 0.133333
1 0.207500 0.390583 0.236000 0.158667
1 0.211790 0.094614 0.210699 0.189229
1 0.652839 0.298399 0.269651 0.262009
