0 0.442971 0.219541 0.023547 0.032030
0 0.411724 0.224874 0.024422 0.033601
0 0.252138 0.229166 0.025442 0.032495
0 0.093856 0.159809 0.025622 0.033965
0 0.586977 0.679933 0.025993 0.036056
0 0.603358 0.825699 0.026338 0.036415
0 0.471571 0.193106 0.027488 0.035468
0 0.175559 0.262268 0.026511 0.038841
0 0.532192 0.807652 0.027909 0.037053
0 0.533874 0.762862 0.028337 0.037046
0 0.610175 0.566159 0.027429 0.038356
0 0.611563 0.934923 0.028232 0.037328
0 0.918959 0.976499 0.028232 0.037411
0 0.083660 0.268810 0.029432 0.037434
0 0.609557 0.961530 0.028502 0.039278
0 0.049650 0.237474 0.027742 0.041112
0 0.608385 0.594208 0.030832 0.039199
0 0.679621 0.888017 0.031319 0.040814
0 0.553553 0.676757 0.030180 0.042734
0 0.056991 0.201905 0.032174 0.040483
0 0.667294 0.862612 0.032310 0.041083
0 0.590463 0.939362 0.031969 0.042177
0 0.641382 0.840572 0.033665 0.042377
0 0.575847 0.714007 0.032733 0.046747
0 0.597045 0.874777 0.032387 0.050233
0 0.489971 0.907946 0.035750 0.046452
0 0.118908 0.287384 0.035650 0.049526
0 0.752633 0.955932 0.036396 0.049029
1 0.538631 0.126386 0.150539 0.243652
1 0.661259 0.730725 0.231310 0.379812
