0 0.623438 0.221962 0.026042 0.033333
0 0.655208 0.966406 0.039583 0.027778
0 0.550521 0.273351 0.019792 0.055556
0 0.638542 0.819878 0.031250 0.043056
0 0.946875 0.158767 0.037500 0.040278
0 0.949479 0.424002 0.032292 0.050000
0 0.819792 0.720573 0.029167 0.055555
0 0.082292 0.382379 0.072917 0.023611
0 0.745833 0.894878 0.035417 0.048611
0 0.787500 0.262999 0.043750 0.043056
0 0.607812 0.269878 0.046875 0.043056
0 0.777604 0.677995 0.046875 0.044444
0 0.022917 0.651823 0.031250 0.076389
0 0.068229 0.544184 0.046875 0.055555
0 0.428125 0.436024 0.062500 0.045833
0 0.211979 0.299740 0.057292 0.055556
0 0.697917 0.685156 0.045833 0.076389
1 0.109000 0.064583 0.049000 0.080000
0 0.153646 0.493490 0.063542 0.062500
0 0.384375 0.113997 0.081250 0.051389
1 0.052500 0.627417 0.070000 0.064000
1 0.863000 0.220125 0.065000 0.072000
1 0.154500 0.867104 0.092000 0.061333
1 0.845000 0.036292 0.095000 0.072583
0 0.659896 0.561545 0.065625 0.109722
1 0.224000 0.495917 0.067000 0.126667
1 0.402000 0.237250 0.089000 0.097333
1 0.799235 0.451732 0.118859 0.171013
1 0.435000 0.689917 0.381000 0.341333
