0 0.895833 0.553212 0.035417 0.056944
0 0.740104 0.864323 0.038542 0.056945
0 0.964063 0.197331 0.038542 0.059722
0 0.895833 0.434462 0.039583 0.058333
0 0.219271 0.366189 0.048958 0.048611
0 0.562500 0.340712 0.043750 0.056944
0 0.674479 0.964453 0.036458 0.071094
0 0.775521 0.685851 0.042708 0.063889
0 0.155208 0.088628 0.047917 0.061111
0 0.158854 0.678385 0.051042 0.061111
0 0.947396 0.719141 0.044792 0.073611
0 0.500521 0.436545 0.044792 0.076389
0 0.539583 0.072027 0.056250 0.063889
0 0.388021 0.577517 0.046875 0.077778
1 0.147500 0.239250 0.066000 0.093333
1 0.954706 0.052013 0.090588 0.104027
1 0.164500 0.495250 0.078000 0.130667
1 0.050732 0.156259 0.101465 0.128274
1 0.968699 0.291791 0.062601 0.208963
1 0.202578 0.832779 0.105501 0.139943
1 0.382813 0.705990 0.107292 0.143056
1 0.728173 0.595855 0.110220 0.140773
1 0.683305 0.101509 0.105418 0.149334
1 0.421024 0.316125 0.111211 0.142675
1 0.962336 0.646069 0.075328 0.212715
1 0.962666 0.146183 0.074669 0.226121
1 0.116667 0.949175 0.166667 0.101649
1 0.865625 0.790712 0.095833 0.195833
1 0.359375 0.916536 0.120833 0.166927
1 0.847917 0.187240 0.156250 0.130556
1 0.601563 0.778906 0.094792 0.216667
1 0.940170 0.539678 0.117877 0.208120
1 0.060500 0.755250 0.116000 0.232000
1 0.310417 0.188628 0.175000 0.166667
