0 0.487397 0.446395 0.026055 0.036491
0 0.314099 0.828846 0.027980 0.037465
0 0.865067 0.361373 0.028904 0.039022
0 0.520017 0.414001 0.030095 0.038453
0 0.494773 0.982021 0.033544 0.035187
0 0.508521 0.128944 0.030247 0.040032
0 0.015057 0.671303 0.029364 0.042878
0 0.563204 0.494653 0.031140 0.042408
0 0.590084 0.720623 0.031562 0.042580
0 0.538172 0.034350 0.031094 0.043660
0 0.101892 0.160304 0.031965 0.042837
0 0.277059 0.680103 0.032975 0.043643
0 0.359007 0.338945 0.033254 0.044214
0 0.306064 0.085531 0.034709 0.044450
0 0.400391 0.399564 0.033973 0.046315
0 0.836691 0.982059 0.047153 0.035288
0 0.311619 0.117105 0.035633 0.046967
0 0.286491 0.707117 0.034058 0.049227
0 0.790265 0.260057 0.035349 0.049365
0 0.209843 0.029329 0.037578 0.048631
0 0.351783 0.460425 0.037648 0.050372
0 0.258153 0.602994 0.037993 0.050868
0 0.188535 0.551124 0.039657 0.051481
0 0.675084 0.365251 0.040971 0.049905
0 0.270377 0.943213 0.039376 0.051976
0 0.326921 0.578625 0.039058 0.053597
0 0.355754 0.585008 0.039814 0.053699
0 0.986338 0.217323 0.027323 0.080803
0 0.791753 0.504459 0.041162 0.057330
0 0.899236 0.494890 0.050564 0.065641
0 0.022979 0.584718 0.045958 0.073917
0 0.864248 0.655138 0.054002 0.071184
1 0.650000 0.934500 0.053000 0.090667
0 0.472156 0.766899 0.061561 0.078743
0 0.734222 0.395641 0.062199 0.079123
1 0.034934 0.717741 0.069869 0.127781
1 0.777500 0.641167 0.090000 0.125333
1 0.344324 0.771050 0.094253 0.125587
1 0.556239 0.612834 0.116984 0.150723
