0 0.759375 0.376128 0.025000 0.052778
0 0.666146 0.274002 0.030208 0.044444
0 0.389063 0.350434 0.030208 0.045833
0 0.444792 0.372656 0.031250 0.051389
0 0.220833 0.677582 0.031250 0.063889
0 0.385938 0.395573 0.044792 0.047222
0 0.127037 0.883163 0.041000 0.052110
0 0.313264 0.592212 0.042359 0.053478
0 0.330208 0.826823 0.041667 0.056944
0 0.179688 0.799045 0.040625 0.068056
0 0.605208 0.558073 0.045833 0.061111
0 0.508854 0.724045 0.040625 0.070833
0 0.165569 0.860400 0.046591 0.062932
0 0.150000 0.621050 0.047917 0.069444
0 0.704167 0.423351 0.045833 0.077778
0 0.132987 0.421328 0.058503 0.076366
0 0.088542 0.832747 0.070833 0.066667
0 0.072917 0.751302 0.054167 0.087500
0 0.680729 0.898351 0.061458 0.083333
0 0.188542 0.324045 0.066667 0.079167
0 0.569271 0.840017 0.069792 0.086111
1 0.078000 0.955917 0.097000 0.078667
1 0.932500 0.459792 0.050000 0.172000
1 0.503000 0.821250 0.087000 0.132000
1 0.249500 0.881250 0.090000 0.129333
1 0.749500 0.189479 0.074000 0.224000
1 0.574500 0.277833 0.132000 0.137333
1 0.059500 0.387917 0.110000 0.257333
1 0.951750 0.771250 0.096500 0.301333
1 0.382000 0.565917 0.135000 0.234667
1 0.813000 0.660771 0.133000 0.245333
1 0.232500 0.531917 0.144000 0.260000
