0 0.646875 0.519184 0.016667 0.044445
0 0.688542 0.776194 0.027083 0.041667
0 0.284375 0.644835 0.031250 0.038889
0 0.667708 0.560156 0.031250 0.045833
0 0.139062 0.971267 0.042708 0.043056
0 0.339583 0.130990 0.039583 0.048611
0 0.226562 0.401128 0.040625 0.050000
0 0.590625 0.436328 0.033333 0.066667
0 0.531250 0.688628 0.035417 0.063889
0 0.375521 0.126302 0.044792 0.051389
0 0.082813 0.334136 0.042708 0.055555
0 0.665625 0.374740 0.050000 0.050000
0 0.915625 0.406684 0.047917 0.055555
0 0.891146 0.478212 0.036458 0.073611
0 0.330729 0.296962 0.067708 0.041667
0 0.082292 0.551129 0.056250 0.063889
1 0.363500 0.964292 0.052000 0.071417
1 0.429000 0.768583 0.061000 0.061333
1 0.180500 0.276583 0.040000 0.109333
1 0.286500 0.774583 0.050000 0.126667
1 0.450500 0.643250 0.092000 0.069333
1 0.310000 0.562479 0.069000 0.122667
1 0.426000 0.356125 0.071000 0.130667
1 0.627500 0.186583 0.090000 0.108000
1 0.953362 0.058912 0.093277 0.117825
1 0.536569 0.040388 0.142040 0.079709
1 0.734000 0.841250 0.101000 0.150667
1 0.965421 0.326696 0.069157 0.224077
1 0.463789 0.484581 0.116990 0.150488
1 0.123698 0.916221 0.111501 0.159667
1 0.618000 0.959625 0.245000 0.080750
1 0.605208 0.781684 0.150000 0.194445
1 0.902604 0.704601 0.157292 0.226389
