0 0.931537 0.442215 0.018939 0.025253
0 0.475571 0.174538 0.021780 0.035354
0 0.949056 0.473781 0.027462 0.037879
0 0.621404 0.671086 0.029356 0.040404
0 0.675855 0.468730 0.026515 0.047980
0 0.254454 0.877821 0.028409 0.045455
0 0.754927 0.760397 0.029356 0.045455
0 0.665912 0.272964 0.031250 0.042929
0 0.623298 0.809008 0.035038 0.044192
0 0.317901 0.589942 0.030303 0.053030
0 0.588734 0.196003 0.026515 0.060606
0 0.465155 0.805220 0.033144 0.049242
0 0.403601 0.691584 0.036932 0.044192
0 0.644605 0.124665 0.030303 0.054293
0 0.699530 0.639717 0.037879 0.046717
0 0.907389 0.762291 0.033144 0.054293
0 0.523393 0.375434 0.035985 0.056818
0 0.811745 0.801432 0.035038 0.059343
0 0.545647 0.145498 0.038826 0.058081
0 0.877393 0.981140 0.061650 0.037719
0 0.908810 0.579210 0.037879 0.061869
0 0.258715 0.709261 0.048296 0.049242
0 0.734094 0.257240 0.046402 0.054293
0 0.963734 0.557114 0.039773 0.065657
0 0.641764 0.594756 0.039773 0.079545
0 0.291899 0.791366 0.048828 0.066495
1 0.028000 0.497250 0.041000 0.105333
0 0.764105 0.048233 0.060758 0.086274
0 0.351494 0.459983 0.076313 0.084759
1 0.369000 0.413250 0.057000 0.129333
0 0.132159 0.777915 0.084680 0.106814
1 0.449500 0.279917 0.066000 0.161333
1 0.633000 0.147250 0.111000 0.096000
0 0.868728 0.350639 0.086972 0.129145
1 0.677000 0.771250 0.081000 0.141333
0 0.813534 0.163977 0.096274 0.132384
1 0.139000 0.597250 0.081000 0.174667
1 0.487000 0.859917 0.177000 0.081333
1 0.484804 0.057931 0.127819 0.115862
1 0.227500 0.611250 0.090000 0.168000
1 0.347415 0.909698 0.118337 0.142975
1 0.265500 0.881250 0.086000 0.201333
1 0.933924 0.675397 0.119064 0.161082
1 0.624000 0.457813 0.109000 0.193333
1 0.656263 0.933473 0.161903 0.133055
1 0.952065 0.439460 0.095869 0.227567
1 0.843264 0.627339 0.125737 0.186795
1 0.167500 0.846583 0.114000 0.214667
1 0.053989 0.248871 0.107578 0.242439
