0 0.955375 0.309043 0.055124 0.077981
1 0.181462 0.711261 0.310915 0.490321
0 0.773616 0.902930 0.061298 0.089196
1 0.563484 0.288199 0.263767 0.386236
0 0.559699 0.086836 0.047616 0.072569
0 0.981812 0.475514 0.035111 0.052394
0 0.584344 0.543387 0.054176 0.079831
0 0.533799 0.115432 0.043142 0.062528
1 0.571885 0.780521 0.278966 0.420865
0 0.193569 0.363723 0.051173 0.070109
0 0.625761 0.510581 0.046638 0.066415
0 0.743530 0.029309 0.054489 0.058618
0 0.856654 0.911457 0.056444 0.080782
0 0.031722 0.130926 0.055598 0.078456
0 0.180653 0.040898 0.048417 0.067190
0 0.537959 0.440820 0.050950 0.072042
0 0.495949 0.155942 0.054461 0.080825
1 0.208614 0.268126 0.282441 0.380794
0 0.047077 0.489042 0.035754 0.052520
0 0.703168 0.824432 0.059330 0.078724
0 0.922276 0.099326 0.048429 0.072046
0 0.019555 0.213846 0.030668 0.043484
1 0.685187 0.609924 0.232931 0.336444
0 0.720766 0.737069 0.048594 0.072711
0 0.986956 0.343119 0.026089 0.054073
0 0.338367 0.339148 0.057413 0.082619
0 0.759283 0.819067 0.065812 0.090769
0 0.523806 0.956475 0.059477 0.080785
0 0.066812 0.162971 0.060254 0.083797
0 0.760371 0.970979 0.054880 0.058043
0 0.507371 0.082914 0.046928 0.068539
0 0.840034 0.424502 0.049740 0.074809
1 0.802588 0.114744 0.265989 0.229488
1 0.951472 0.095551 0.095429 0.191101
0 0.987373 0.558122 0.025253 0.068706
0 0.025749 0.945017 0.051499 0.095612
0 0.813049 0.192013 0.058992 0.082937
0 0.658643 0.423664 0.052328 0.072519
1 0.117419 0.260658 0.220138 0.318057
0 0.876770 0.228048 0.033255 0.050456
0 0.047993 0.955512 0.068097 0.088975
0 0.903004 0.032048 0.045238 0.063833
0 0.064838 0.568864 0.048197 0.070758
0 0.657655 0.468744 0.048663 0.067244
0 0.792706 0.782359 0.053831 0.076563
0 0.277489 0.933756 0.038790 0.056757
0 0.827423 0.798308 0.055318 0.082068
0 0.764524 0.706929 0.044851 0.065344
0 0.129557 0.960722 0.055790 0.078555
0 0.738819 0.345126 0.055978 0.083183
0 0.868560 0.822015 0.061835 0.091111
0 0.525895 0.030230 0.043620 0.060459
0 0.858577 0.389760 0.037496 0.061377
0 0.246359 0.859030 0.048305 0.073438
0 0.094351 0.822102 0.054534 0.081300
0 0.915621 0.800008 0.053475 0.072960
0 0.811786 0.436251 0.055290 0.081975
0 0.874377 0.158664 0.046980 0.067967
0 0.707858 0.246222 0.046255 0.064574
0 0.456333 0.120412 0.049505 0.073514
0 0.455420 0.294738 0.050229 0.080188
0 0.926609 0.832059 0.060794 0.086379
0 0.953365 0.957564 0.080300 0.084873
1 0.750351 0.517817 0.239848 0.359339
0 0.810153 0.892228 0.059995 0.090341
0 0.098747 0.936783 0.066414 0.098388
0 0.800289 0.730000 0.071658 0.100847
0 0.747954 0.564814 0.046747 0.068122
0 0.900749 0.878224 0.054533 0.082588
0 0.867551 0.754781 0.079198 0.112652
