0 0.020112 0.214903 0.035696 0.050289
0 0.047233 0.490569 0.037248 0.053490
0 0.981569 0.476548 0.036009 0.057991
0 0.955452 0.309488 0.052719 0.077639
0 0.526188 0.031915 0.046339 0.062828
0 0.859170 0.387201 0.038142 0.059551
0 0.559937 0.085509 0.048987 0.073557
0 0.814179 0.192538 0.058186 0.081172
0 0.744396 0.030446 0.057482 0.060891
0 0.774341 0.901209 0.063346 0.095229
0 0.278040 0.933409 0.038461 0.056222
0 0.877084 0.227718 0.035830 0.053309
0 0.986689 0.344952 0.026621 0.055953
0 0.922884 0.099321 0.051955 0.076358
1 0.172951 0.705016 0.337452 0.552249
0 0.193588 0.361982 0.051105 0.072361
0 0.761155 0.973152 0.050179 0.053697
0 0.496771 0.155101 0.056367 0.082280
0 0.384176 0.891309 0.036601 0.053406
0 0.625202 0.510266 0.052312 0.074102
0 0.538481 0.440077 0.050967 0.074610
0 0.524843 0.960414 0.054584 0.079172
0 0.839762 0.423607 0.046099 0.066428
0 0.339959 0.337833 0.058066 0.085182
0 0.760009 0.820996 0.068396 0.095536
0 0.701417 0.822362 0.062555 0.084256
0 0.065848 0.567944 0.051104 0.073480
0 0.585615 0.541706 0.054155 0.080500
0 0.720613 0.735595 0.053264 0.078519
0 0.029988 0.944074 0.059975 0.100969
0 0.066883 0.165384 0.060188 0.084135
0 0.534112 0.114930 0.046794 0.066578
0 0.902164 0.220281 0.033185 0.046694
0 0.506973 0.082101 0.050831 0.076426
0 0.053738 0.956224 0.061502 0.083386
1 0.799964 0.127490 0.265724 0.254981
0 0.656697 0.466945 0.051197 0.071951
0 0.658508 0.421359 0.056854 0.080908
0 0.130692 0.957504 0.056707 0.082175
0 0.805034 0.729524 0.074026 0.107775
0 0.708276 0.246243 0.046404 0.068044
0 0.834866 0.597624 0.039583 0.058185
0 0.859974 0.908338 0.062726 0.086775
0 0.031598 0.130886 0.055528 0.081220
1 0.947030 0.100144 0.105569 0.200288
0 0.305129 0.810696 0.035899 0.052550
1 0.567011 0.782807 0.292135 0.423021
0 0.986629 0.558490 0.026401 0.073196
0 0.308149 0.021450 0.042274 0.042899
0 0.870254 0.826605 0.077495 0.111683
0 0.098967 0.938693 0.063044 0.098713
0 0.124989 0.117306 0.034260 0.049849
0 0.456198 0.118125 0.049693 0.073361
0 0.946787 0.955381 0.074019 0.089237
0 0.245348 0.858881 0.052195 0.077991
0 0.245236 0.116643 0.033833 0.050686
0 0.875221 0.158013 0.046784 0.066486
0 0.181108 0.041145 0.048777 0.067089
0 0.827903 0.797832 0.060623 0.088676
0 0.793236 0.783273 0.058345 0.083947
0 0.902643 0.033258 0.048144 0.066516
0 0.473997 0.018474 0.042412 0.036948
0 0.765261 0.707614 0.049839 0.071717
0 0.900146 0.186734 0.033223 0.048931
0 0.856244 0.295416 0.035389 0.052284
0 0.304240 0.755222 0.055358 0.073419
1 0.741911 0.497270 0.278335 0.395261
0 0.958051 0.227544 0.036149 0.056107
1 0.395106 0.155643 0.246986 0.311286
0 0.400212 0.384524 0.050778 0.068753
0 0.974973 0.968133 0.048743 0.063735
0 0.900480 0.877609 0.061686 0.090552
0 0.338394 0.336351 0.039286 0.055102
1 0.554890 0.303281 0.267381 0.395864
0 0.049793 0.676188 0.035015 0.051699
0 0.858077 0.630471 0.048340 0.069959
0 0.867377 0.757108 0.083276 0.121288
0 0.813617 0.436663 0.054208 0.077700
0 0.012552 0.029014 0.024548 0.058027
0 0.904449 0.930442 0.047765 0.069095
0 0.739727 0.341811 0.053700 0.079749
1 0.136908 0.265505 0.260578 0.375110
0 0.455320 0.292711 0.050838 0.082207
0 0.691831 0.858696 0.055621 0.081859
0 0.828833 0.843484 0.059082 0.082678
0 0.012675 0.455548 0.024973 0.080514
1 0.039164 0.356401 0.078328 0.285803
0 0.092662 0.820121 0.052305 0.079551
0 0.497723 0.855965 0.045490 0.066881
0 0.923366 0.822613 0.074024 0.110562
0 0.222676 0.023305 0.046545 0.046610
0 0.404077 0.978039 0.033391 0.040560
0 0.356383 0.751816 0.053354 0.079186
0 0.812478 0.889156 0.066530 0.096681
1 0.921385 0.709501 0.157231 0.337479
0 0.741303 0.191777 0.046014 0.065412
0 0.631817 0.336692 0.043472 0.063887
0 0.440517 0.508775 0.042894 0.065481
1 0.242817 0.266397 0.286372 0.410080
0 0.154749 0.973267 0.056567 0.053467
0 0.638231 0.092206 0.041669 0.061875
0 0.689627 0.038669 0.047738 0.073823
0 0.194309 0.971220 0.046608 0.057559
0 0.356193 0.979792 0.031873 0.037651
1 0.682135 0.599351 0.242006 0.359068
0 0.038198 0.591475 0.040336 0.054438
0 0.875877 0.601615 0.048854 0.072473
0 0.977234 0.680809 0.045532 0.092092
0 0.748880 0.563901 0.047466 0.070132
0 0.362485 0.306424 0.045047 0.069300
0 0.915217 0.978480 0.045127 0.043039
0 0.095573 0.969498 0.059810 0.060394
0 0.990099 0.653758 0.019410 0.069093
0 0.564518 0.496121 0.069374 0.108204
0 0.470115 0.211733 0.057709 0.091175
0 0.916950 0.799460 0.054277 0.072661
0 0.706183 0.766873 0.049790 0.072769
0 0.322056 0.219821 0.043529 0.060574
0 0.386309 0.219132 0.045336 0.065623
0 0.023732 0.059028 0.042960 0.065117
0 0.384866 0.268018 0.037986 0.061183
0 0.671034 0.906114 0.068725 0.095686
0 0.067382 0.159056 0.034185 0.054663
0 0.574395 0.164815 0.047724 0.068103
1 0.493388 0.509633 0.236777 0.347413
1 0.379893 0.532640 0.264956 0.392563
0 0.453610 0.655442 0.046940 0.070442
0 0.931394 0.950581 0.043333 0.066780
0 0.306885 0.629532 0.058884 0.090618
