1 0.718676 0.424619 0.096551 0.127618
1 0.624202 0.434395 0.118151 0.125263
1 0.411783 0.565332 0.215103 0.249226
1 0.408150 0.567540 0.119565 0.159797
1 0.661687 0.243053 0.094155 0.117611
1 0.570790 0.196672 0.121955 0.129115
1 0.623790 0.417899 0.168565 0.195807
1 0.594998 0.182460 0.196377 0.226672
1 0.505437 0.428235 0.097933 0.121500
1 0.603412 0.587033 0.095163 0.110806
1 0.328235 0.602175 0.078504 0.095882
1 0.808558 0.798402 0.071300 0.080295
1 0.684784 0.403738 0.160332 0.188867
1 0.631380 0.166932 0.110649 0.145616
