1 0.741911 0.497270 0.278335 0.395261
1 0.682135 0.599351 0.242006 0.359068
1 0.028348 0.557499 0.056359 0.140328
1 0.778119 0.505959 0.163432 0.249789
1 0.045468 0.783316 0.090937 0.316538
1 0.113466 0.261878 0.154989 0.235494
1 0.964538 0.692157 0.070924 0.287832
1 0.495053 0.535218 0.156557 0.231114
1 0.181501 0.825558 0.232974 0.348885
1 0.232504 0.244306 0.078001 0.203022
1 0.405006 0.091675 0.073001 0.181113
1 0.319505 0.158862 0.082001 0.157743
1 0.214503 0.516705 0.140002 0.248300
1 0.597509 0.896458 0.182003 0.099320
1 0.509508 0.762084 0.138002 0.151901
1 0.603509 0.248688 0.300005 0.316947
1 0.750012 0.081451 0.271004 0.160665
1 0.948257 0.061002 0.103486 0.116847
1 0.347005 0.495527 0.121002 0.223470
