1 0.718676 0.424619 0.096551 0.127618
1 0.624202 0.434395 0.118151 0.125263
1 0.661687 0.243053 0.094155 0.117611
1 0.570790 0.196672 0.121955 0.129115
1 0.505437 0.428235 0.097933 0.121500
1 0.603412 0.587033 0.095163 0.110806
1 0.328235 0.602175 0.078504 0.095882
1 0.808558 0.798402 0.071300 0.080295
1 0.631380 0.166932 0.110649 0.145616
1 0.461548 0.556934 0.101686 0.139809
1 0.646731 0.881918 0.093177 0.104025
1 0.476654 0.447433 0.156097 0.172218
1 0.479895 0.590006 0.069705 0.081879
1 0.660913 0.642413 0.067478 0.065145
1 0.435034 0.462277 0.117652 0.115663
1 0.658993 0.398815 0.098288 0.135015
1 0.230231 0.748739 0.076305 0.099392
1 0.857734 0.697673 0.072627 0.079784
1 0.756508 0.681372 0.081192 0.088262
1 0.440206 0.646725 0.070632 0.075928
1 0.552125 0.309204 0.071317 0.084823
1 0.301945 0.729876 0.076167 0.114787
1 0.397500 0.547180 0.106000 0.107501
