1 0.805366 0.297214 0.095853 0.162292
1 0.889581 0.571683 0.100442 0.189798
1 0.234965 0.191139 0.083251 0.147816
1 0.330015 0.462866 0.103420 0.186509
1 0.502238 0.662773 0.080404 0.150105
1 0.091918 0.465461 0.084560 0.178986
0 0.187905 0.851283 0.042412 0.077046
1 0.851208 0.825201 0.110909 0.176390
0 0.758970 0.772679 0.036320 0.062054
1 0.594442 0.109279 0.077959 0.142147
0 0.291455 0.873750 0.040614 0.073062
1 0.309615 0.634639 0.128029 0.228249
0 0.736434 0.709888 0.034335 0.061135
0 0.678851 0.629416 0.037714 0.066532
0 0.488754 0.762162 0.034698 0.059235
0 0.800264 0.071437 0.041689 0.077025
0 0.912658 0.213722 0.041592 0.069612
0 0.392056 0.281392 0.037216 0.066671
1 0.656522 0.249513 0.119960 0.233772
0 0.105763 0.796287 0.037792 0.062929
0 0.122860 0.837288 0.037086 0.068347
0 0.212128 0.087016 0.037992 0.066021
1 0.581811 0.773512 0.090031 0.160959
1 0.513461 0.891290 0.059674 0.111357
1 0.055036 0.843273 0.064953 0.109338
0 0.873754 0.111798 0.039345 0.068424
0 0.959958 0.891007 0.039251 0.068262
0 0.734644 0.623312 0.047226 0.094543
0 0.192786 0.902965 0.047184 0.084371
0 0.879722 0.366045 0.040375 0.078456
0 0.829770 0.528472 0.041954 0.069913
0 0.136092 0.430997 0.041101 0.070212
1 0.053876 0.095135 0.107753 0.188246
0 0.414256 0.431852 0.037313 0.065965
0 0.312722 0.232077 0.036436 0.073508
0 0.393336 0.182080 0.046848 0.078909
1 0.669286 0.465556 0.081752 0.116992
0 0.914540 0.159795 0.050704 0.093373
1 0.513559 0.342351 0.251043 0.510199
1 0.207941 0.341532 0.103913 0.199342
1 0.109538 0.309091 0.091842 0.172073
0 0.739053 0.160996 0.026241 0.047015
0 0.058369 0.335890 0.041985 0.090268
0 0.949241 0.834244 0.028865 0.058298
0 0.399565 0.464866 0.019143 0.035089
1 0.669365 0.822091 0.057226 0.114904
1 0.608003 0.560872 0.061321 0.126611
1 0.969762 0.023065 0.060476 0.046129
1 0.540025 0.536557 0.099339 0.186405
1 0.048774 0.943692 0.065511 0.109410
1 0.718000 0.778730 0.060220 0.105626
1 0.966769 0.704578 0.065311 0.131246
0 0.984295 0.876149 0.031409 0.073563
0 0.121129 0.280250 0.020802 0.036635
0 0.080621 0.255386 0.044971 0.086146
0 0.150453 0.335275 0.020362 0.037682
1 0.534294 0.211794 0.153764 0.244963
0 0.221231 0.402140 0.025068 0.045335
0 0.991806 0.227733 0.016388 0.059485
0 0.710304 0.695281 0.048258 0.077405
0 0.425442 0.135112 0.050993 0.090244
0 0.567912 0.988521 0.026909 0.022959
1 0.981668 0.565831 0.036545 0.113699
1 0.426492 0.132651 0.049440 0.090011
1 0.947936 0.847871 0.054307 0.113209
0 0.121505 0.986392 0.034588 0.027217
0 0.279863 0.120338 0.047170 0.080268
0 0.988984 0.709074 0.022032 0.064444
0 0.945722 0.841923 0.055141 0.102718
0 0.562019 0.679952 0.034575 0.059427
0 0.020926 0.231156 0.041851 0.110290
0 0.248581 0.392733 0.026348 0.046777
1 0.279842 0.120800 0.046589 0.080865
1 0.452609 0.456320 0.122455 0.242490
1 0.677154 0.536113 0.051879 0.088321
0 0.256137 0.012515 0.029396 0.024549
0 0.964469 0.703448 0.053922 0.115717
1 0.021757 0.212473 0.043514 0.154665
1 0.965534 0.703878 0.038220 0.094248
1 0.715876 0.698839 0.058523 0.095335
1 0.122800 0.039776 0.072411 0.079495
1 0.132543 0.028619 0.044091 0.057006
0 0.677250 0.539067 0.051734 0.082302
0 0.668539 0.819879 0.060095 0.122795
0 0.560021 0.710161 0.039573 0.098111
1 0.552150 0.338419 0.140548 0.214816
0 0.981166 0.563581 0.037017 0.109579
0 0.321537 0.928541 0.076200 0.116181
0 0.692973 0.444709 0.036249 0.069267
0 0.608960 0.562407 0.056935 0.122255
0 0.806822 0.765134 0.032851 0.063018
1 0.973583 0.580968 0.052835 0.193412
1 0.722567 0.739557 0.098168 0.189373
1 0.698504 0.784584 0.118086 0.194495
1 0.117925 0.322624 0.214241 0.460808
0 0.401511 0.555726 0.022364 0.039718
1 0.536243 0.488259 0.070866 0.126291
0 0.717135 0.779562 0.057453 0.103479
0 0.428394 0.395142 0.032147 0.052330
1 0.617425 0.674491 0.210276 0.406686
0 0.048994 0.942409 0.064709 0.109432
1 0.014855 0.142645 0.029710 0.230349
1 0.534446 0.565984 0.128202 0.326369
0 0.044895 0.648818 0.040312 0.080779
0 0.377207 0.737675 0.021747 0.045617
0 0.377207 0.704413 0.011139 0.039914
0 0.363946 0.731023 0.018565 0.047517
1 0.805364 0.297212 0.095854 0.162298
1 0.889579 0.571683 0.100441 0.189799
1 0.234964 0.191141 0.083253 0.147817
1 0.330013 0.462863 0.103424 0.186510
1 0.502238 0.662773 0.080404 0.150102
1 0.091916 0.465460 0.084558 0.178994
0 0.187904 0.851282 0.042412 0.077050
1 0.851207 0.825203 0.110910 0.176391
0 0.758971 0.772680 0.036321 0.062052
1 0.594442 0.109277 0.077962 0.142153
0 0.291456 0.873749 0.040615 0.073066
1 0.309613 0.634632 0.128036 0.228267
0 0.736434 0.709886 0.034335 0.061134
0 0.678851 0.629414 0.037712 0.066532
0 0.488754 0.762162 0.034699 0.059236
0 0.800265 0.071440 0.041692 0.077025
0 0.912659 0.213723 0.041591 0.069614
0 0.392056 0.281392 0.037215 0.066671
1 0.656518 0.249514 0.119963 0.233758
0 0.105765 0.796287 0.037793 0.062931
0 0.122861 0.837287 0.037086 0.068345
0 0.212130 0.087018 0.037994 0.066023
1 0.581809 0.773507 0.090036 0.160970
1 0.513459 0.891291 0.059676 0.111362
1 0.055034 0.843275 0.064954 0.109341
0 0.873755 0.111796 0.039345 0.068431
0 0.959959 0.891006 0.039252 0.068260
0 0.734645 0.623311 0.047225 0.094536
0 0.192787 0.902964 0.047182 0.084369
0 0.879722 0.366046 0.040376 0.078454
0 0.829771 0.528471 0.041958 0.069916
0 0.136092 0.430998 0.041101 0.070214
1 0.053878 0.095135 0.107756 0.188251
0 0.414257 0.431850 0.037313 0.065963
0 0.312722 0.232078 0.036436 0.073509
0 0.393337 0.182080 0.046849 0.078908
1 0.669287 0.465559 0.081751 0.116996
0 0.914542 0.159795 0.050706 0.093375
1 0.513558 0.342349 0.251046 0.510184
1 0.369379 0.730308 0.048952 0.087509
1 0.022687 0.968976 0.044699 0.061743
