0 0.228089 0.974334 0.044137 0.051333
0 0.190203 0.210620 0.023685 0.031960
0 0.395012 0.083149 0.023338 0.031647
0 0.554152 0.013356 0.022935 0.026713
0 0.187757 0.247615 0.024190 0.032012
0 0.370908 0.102752 0.025510 0.034131
0 0.202345 0.760134 0.042251 0.057451
0 0.134271 0.346911 0.035554 0.046187
0 0.240229 0.176075 0.025224 0.034085
0 0.301964 0.757861 0.038811 0.051443
0 0.335645 0.478911 0.025056 0.034392
0 0.547000 0.961597 0.039664 0.053384
0 0.257768 0.229004 0.026105 0.035147
0 0.462380 0.585909 0.027036 0.035728
0 0.324190 0.129140 0.025034 0.032818
0 0.287800 0.353634 0.026207 0.037133
0 0.215261 0.084721 0.019797 0.026662
0 0.569795 0.203881 0.025234 0.033530
0 0.116849 0.464822 0.043057 0.059151
0 0.353529 0.193773 0.021712 0.029446
0 0.669219 0.115723 0.023059 0.030970
0 0.102849 0.341261 0.035347 0.046843
0 0.553987 0.048350 0.022346 0.030247
0 0.567972 0.965207 0.033677 0.044751
0 0.517903 0.332336 0.026947 0.037331
0 0.517074 0.963074 0.035423 0.047944
0 0.182583 0.351955 0.025117 0.033145
0 0.300024 0.291668 0.023849 0.032316
0 0.149200 0.330530 0.022346 0.029668
0 0.069689 0.075788 0.039688 0.052083
0 0.041056 0.138924 0.031645 0.041885
0 0.708570 0.831537 0.045952 0.062743
0 0.107347 0.528741 0.050137 0.059907
0 0.278443 0.254616 0.023441 0.030346
0 0.015362 0.828109 0.025285 0.034801
0 0.854761 0.015762 0.024716 0.030434
0 0.078165 0.462601 0.027495 0.036684
0 0.373533 0.327286 0.025766 0.035659
0 0.174423 0.083366 0.025070 0.033705
0 0.499816 0.110498 0.023053 0.031021
0 0.512257 0.868992 0.028808 0.036727
0 0.705526 0.095145 0.024883 0.033216
0 0.512071 0.555825 0.025977 0.035117
0 0.538317 0.165292 0.021728 0.029394
0 0.280216 0.227457 0.023291 0.030368
0 0.629214 0.746142 0.027618 0.036869
0 0.397645 0.985630 0.023915 0.028355
0 0.166919 0.388852 0.031122 0.039552
0 0.454558 0.569768 0.025423 0.033881
0 0.587542 0.695360 0.033277 0.045198
0 0.590044 0.477755 0.032948 0.043821
0 0.494700 0.223382 0.019844 0.027172
0 0.568300 0.165709 0.022166 0.028987
0 0.412782 0.180948 0.025910 0.035506
0 0.067047 0.441906 0.023290 0.031105
0 0.424541 0.557802 0.030545 0.040100
0 0.557342 0.213492 0.020910 0.028087
0 0.101222 0.890186 0.053099 0.070867
0 0.134004 0.190851 0.024457 0.032922
0 0.578295 0.417005 0.032295 0.042952
0 0.329352 0.445407 0.023652 0.032176
0 0.339764 0.117070 0.025055 0.033840
0 0.568366 0.060786 0.023946 0.032883
0 0.359335 0.338456 0.026275 0.035922
0 0.984402 0.414497 0.031027 0.042803
0 0.459303 0.027383 0.026533 0.035189
0 0.165879 0.311735 0.023364 0.032150
0 0.413668 0.141320 0.019911 0.026845
0 0.156495 0.556137 0.038237 0.051164
0 0.172334 0.163527 0.022928 0.031154
0 0.555490 0.745671 0.048381 0.065701
0 0.469164 0.542806 0.039933 0.054517
0 0.540555 0.228016 0.017819 0.023536
0 0.657287 0.186230 0.029726 0.040988
0 0.752444 0.380225 0.040867 0.056030
0 0.730791 0.683407 0.045014 0.057793
0 0.516137 0.152428 0.021111 0.028497
0 0.198107 0.453783 0.029405 0.039349
0 0.508430 0.204814 0.020101 0.026348
0 0.331117 0.190959 0.035275 0.047337
0 0.259996 0.512883 0.026188 0.035211
0 0.205038 0.053470 0.027828 0.036784
0 0.496813 0.408065 0.024837 0.034273
0 0.532015 0.018874 0.030685 0.037748
0 0.672827 0.232781 0.020500 0.027359
0 0.364609 0.177330 0.037405 0.049655
0 0.044525 0.913681 0.048682 0.059957
0 0.194746 0.289962 0.042594 0.053088
0 0.758024 0.943457 0.025805 0.035179
0 0.368083 0.722043 0.029276 0.039907
0 0.610470 0.171611 0.026907 0.034423
0 0.286710 0.658803 0.026587 0.037585
0 0.378283 0.481469 0.024968 0.033832
0 0.285753 0.717662 0.034720 0.047669
0 0.842668 0.490417 0.038073 0.052155
0 0.540426 0.246470 0.018668 0.024344
0 0.076048 0.599117 0.046375 0.063413
0 0.507109 0.299229 0.025478 0.035455
0 0.463184 0.208507 0.021606 0.029579
0 0.524745 0.432386 0.035455 0.047211
0 0.041229 0.438584 0.026174 0.035340
0 0.444473 0.641041 0.034923 0.046851
0 0.199503 0.024269 0.023740 0.031792
0 0.731278 0.522623 0.027685 0.037225
0 0.154472 0.230102 0.022698 0.030303
0 0.399514 0.504632 0.044616 0.057962
0 0.978399 0.151164 0.034534 0.045079
0 0.426823 0.230010 0.026476 0.036376
0 0.284236 0.093011 0.038946 0.050665
0 0.932389 0.732641 0.050411 0.065288
0 0.019317 0.010060 0.017763 0.019924
0 0.269890 0.640452 0.030096 0.041213
0 0.398193 0.294698 0.025601 0.033864
0 0.951373 0.448979 0.030840 0.040917
0 0.316527 0.558049 0.029111 0.038873
0 0.483858 0.180585 0.034243 0.049099
0 0.617439 0.713375 0.036596 0.049069
0 0.236981 0.746119 0.027787 0.036831
0 0.839708 0.179793 0.019735 0.026346
0 0.478990 0.423914 0.022789 0.031393
0 0.262540 0.065008 0.042736 0.053637
0 0.507023 0.900039 0.044388 0.054580
0 0.287438 0.176169 0.038881 0.051600
0 0.987111 0.307907 0.023971 0.032691
0 0.712268 0.150337 0.022326 0.028599
0 0.293845 0.030747 0.020976 0.028356
0 0.804567 0.877543 0.031147 0.040653
0 0.566065 0.221327 0.019182 0.024764
0 0.768527 0.172673 0.020238 0.026872
0 0.368294 0.453562 0.022010 0.029314
0 0.272623 0.442046 0.046365 0.058753
0 0.792212 0.041126 0.044789 0.057058
0 0.035566 0.035012 0.022451 0.028754
0 0.965979 0.371959 0.025299 0.033807
0 0.198003 0.068182 0.019549 0.026782
0 0.397176 0.348469 0.042536 0.060826
0 0.750990 0.807339 0.027013 0.035933
0 0.866971 0.086556 0.020019 0.026256
0 0.176869 0.666348 0.052559 0.071049
0 0.652675 0.127689 0.034184 0.044417
0 0.353312 0.010273 0.019678 0.020547
0 0.509708 0.170161 0.018959 0.026385
0 0.642450 0.514747 0.030448 0.040901
0 0.493090 0.338197 0.024635 0.033779
0 0.138794 0.306718 0.021992 0.029219
0 0.122934 0.126359 0.039237 0.052349
0 0.735240 0.160334 0.025647 0.034579
0 0.753531 0.025725 0.026233 0.035261
0 0.892077 0.124697 0.022193 0.029643
0 0.402364 0.033502 0.021660 0.029344
0 0.309709 0.024428 0.032610 0.045460
0 0.325026 0.642822 0.025847 0.034939
0 0.156336 0.150641 0.028529 0.036677
0 0.957791 0.097007 0.037579 0.049824
0 0.353996 0.238994 0.025813 0.034873
0 0.318026 0.109692 0.023278 0.030480
0 0.823382 0.628930 0.037667 0.050072
0 0.645941 0.718544 0.029292 0.038983
0 0.692764 0.853288 0.025380 0.034193
0 0.776623 0.150054 0.034835 0.046305
0 0.040205 0.720016 0.047373 0.064598
0 0.145058 0.250611 0.025416 0.034432
0 0.009275 0.227121 0.018551 0.032177
0 0.644545 0.955176 0.027912 0.037474
0 0.284596 0.011006 0.025436 0.021694
0 0.686771 0.778792 0.025802 0.034962
0 0.041469 0.101053 0.047563 0.063309
0 0.954684 0.399793 0.031016 0.039161
0 0.858305 0.460687 0.026052 0.035731
0 0.915782 0.172314 0.025335 0.034596
0 0.540300 0.496792 0.023584 0.031007
0 0.485428 0.492603 0.023592 0.031469
0 0.305795 0.654075 0.025579 0.035716
0 0.467312 0.944863 0.026664 0.036224
0 0.262095 0.254416 0.018944 0.025983
0 0.638906 0.566470 0.028381 0.037859
0 0.920850 0.273458 0.033328 0.045464
0 0.980415 0.039685 0.031386 0.042284
0 0.621147 0.264044 0.021591 0.029725
0 0.819584 0.744089 0.029341 0.037875
0 0.559880 0.524637 0.024906 0.034385
0 0.755558 0.477276 0.023775 0.031569
0 0.802540 0.302375 0.030474 0.039969
0 0.104307 0.290361 0.020383 0.027116
0 0.665674 0.034864 0.023162 0.030606
0 0.979693 0.475368 0.026296 0.035573
0 0.832761 0.363307 0.027641 0.037784
0 0.526339 0.545554 0.024534 0.032770
0 0.616325 0.667433 0.025272 0.034733
0 0.726020 0.942806 0.030660 0.041018
0 0.157469 0.778060 0.062522 0.082508
0 0.754011 0.336764 0.022015 0.029250
0 0.540299 0.701420 0.022125 0.029094
0 0.860983 0.367656 0.021153 0.028104
0 0.347259 0.405526 0.025491 0.034562
0 0.512928 0.602722 0.043807 0.056582
0 0.075888 0.520207 0.040106 0.050658
0 0.466298 0.414991 0.023419 0.031126
0 0.244130 0.130763 0.045053 0.061503
0 0.262250 0.560753 0.052127 0.071409
0 0.372489 0.435535 0.026147 0.034056
0 0.680943 0.567761 0.029124 0.038431
0 0.356327 0.395471 0.022317 0.031053
0 0.384481 0.620678 0.045110 0.056790
0 0.500169 0.251364 0.018601 0.024643
0 0.306937 0.459428 0.023753 0.031736
0 0.185921 0.431854 0.024069 0.031429
0 0.284510 0.322599 0.020222 0.028195
0 0.147237 0.899721 0.035583 0.047352
0 0.303822 0.948693 0.038143 0.050880
0 0.097486 0.308412 0.041199 0.056096
0 0.496640 0.563306 0.019977 0.026873
0 0.132710 0.957862 0.024596 0.033000
0 0.406710 0.890817 0.027641 0.038125
0 0.511090 0.676331 0.026443 0.035350
0 0.768481 0.441383 0.022265 0.030291
0 0.537744 0.210278 0.021384 0.030509
0 0.739624 0.436626 0.027872 0.037263
0 0.105585 0.500160 0.019885 0.026647
0 0.448001 0.009383 0.023283 0.018765
0 0.965756 0.496653 0.022047 0.029031
0 0.495947 0.527159 0.020803 0.028530
0 0.756618 0.519149 0.025570 0.034511
0 0.610348 0.497465 0.021790 0.029447
0 0.508986 0.853105 0.023067 0.031066
0 0.495208 0.484975 0.020623 0.027258
0 0.319817 0.967305 0.022830 0.030564
0 0.126970 0.652857 0.025452 0.032959
0 0.589427 0.045926 0.018988 0.025199
0 0.238693 0.946589 0.024593 0.033392
0 0.036101 0.075969 0.022123 0.028957
0 0.470203 0.270622 0.020605 0.028209
0 0.989093 0.231799 0.021682 0.038709
0 0.025819 0.783573 0.051637 0.081074
0 0.506959 0.650012 0.026236 0.037149
0 0.333541 0.317180 0.020120 0.026813
0 0.661787 0.052108 0.018400 0.024163
0 0.814231 0.174319 0.040023 0.052255
0 0.238416 0.775597 0.026655 0.033570
0 0.035539 0.966907 0.027192 0.036256
0 0.953162 0.298369 0.027274 0.037521
0 0.220696 0.241836 0.020930 0.027663
0 0.576799 0.248468 0.038276 0.050520
0 0.266630 0.500222 0.022252 0.029360
0 0.778455 0.959523 0.033662 0.045724
0 0.353389 0.685643 0.026817 0.036898
0 0.634293 0.251765 0.029013 0.037756
0 0.321291 0.302359 0.040406 0.058143
0 0.045298 0.587854 0.027611 0.036028
0 0.436923 0.713011 0.026628 0.035385
0 0.659351 0.064912 0.017781 0.023334
0 0.037256 0.498828 0.022737 0.031164
0 0.951681 0.531724 0.025695 0.033896
0 0.669338 0.737486 0.024630 0.032951
0 0.866637 0.068621 0.018923 0.025379
0 0.886316 0.368876 0.022389 0.029045
0 0.134513 0.676254 0.025413 0.034325
0 0.694132 0.649131 0.027086 0.037087
0 0.243355 0.424703 0.023903 0.032673
0 0.951040 0.422742 0.030188 0.037812
0 0.338024 0.418999 0.020475 0.026983
0 0.119184 0.061355 0.024324 0.031934
0 0.119538 0.988713 0.032751 0.022573
0 0.910762 0.392952 0.031568 0.043266
0 0.991953 0.437697 0.016093 0.029740
0 0.437865 0.532210 0.022397 0.030023
0 0.228352 0.050198 0.044245 0.057243
0 0.534394 0.483413 0.020587 0.028216
0 0.547271 0.874823 0.026007 0.035384
0 0.629862 0.142199 0.035217 0.047343
1 0.895622 0.065249 0.092394 0.128444
0 0.492191 0.284457 0.019704 0.025976
0 0.547256 0.676122 0.022899 0.030722
0 0.869068 0.439782 0.022600 0.030842
0 0.492536 0.990248 0.026319 0.019297
0 0.494216 0.727655 0.033197 0.044181
0 0.173014 0.258707 0.018244 0.024791
0 0.527932 0.216310 0.021859 0.031745
0 0.737852 0.351180 0.036024 0.048530
0 0.051140 0.606785 0.025371 0.033648
0 0.757758 0.866559 0.030262 0.037975
0 0.974926 0.461064 0.022166 0.028720
1 0.709594 0.275715 0.155866 0.142926
0 0.645708 0.224784 0.039309 0.047441
0 0.527865 0.278364 0.017201 0.023898
0 0.602044 0.323219 0.020148 0.027163
0 0.227927 0.619493 0.023089 0.029288
0 0.376575 0.990880 0.023707 0.018241
0 0.901154 0.947658 0.095161 0.098401
0 0.766313 0.638266 0.027130 0.036974
0 0.506388 0.444866 0.031809 0.041142
0 0.628927 0.989181 0.033658 0.021638
0 0.299401 0.571695 0.022014 0.029865
0 0.592571 0.319632 0.025201 0.034455
0 0.039990 0.021372 0.040702 0.042744
0 0.827850 0.464604 0.023783 0.031440
0 0.402532 0.551469 0.022785 0.031304
0 0.214726 0.513741 0.023735 0.032013
0 0.175163 0.960490 0.062436 0.079020
0 0.774501 0.411759 0.022026 0.029044
1 0.477154 0.089215 0.090352 0.118990
0 0.683413 0.209802 0.017626 0.023229
0 0.580745 0.567760 0.024843 0.034693
0 0.487905 0.458047 0.035449 0.044614
0 0.749515 0.057614 0.018350 0.023889
0 0.591276 0.391796 0.025659 0.033966
0 0.053557 0.087697 0.016448 0.022899
0 0.289879 0.142578 0.018679 0.024952
0 0.136744 0.102607 0.048298 0.067060
0 0.581517 0.290234 0.024482 0.031365
0 0.417178 0.119167 0.015230 0.021848
0 0.946902 0.077843 0.018133 0.024849
0 0.650358 0.909256 0.027772 0.037460
0 0.009392 0.281721 0.017206 0.022851
1 0.443470 0.366722 0.078559 0.117834
0 0.860741 0.184764 0.019810 0.026222
0 0.156528 0.179546 0.049570 0.060646
0 0.367370 0.980942 0.022492 0.030575
1 0.324478 0.864597 0.077352 0.103888
0 0.405425 0.116078 0.023274 0.031033
0 0.826636 0.007059 0.020786 0.014119
0 0.395911 0.636264 0.024142 0.032992
1 0.808462 0.146137 0.091349 0.113608
0 0.047931 0.347070 0.061287 0.088504
0 0.014594 0.313805 0.028213 0.042326
0 0.169962 0.524591 0.023069 0.033050
0 0.990709 0.256357 0.018582 0.044331
0 0.653848 0.849983 0.051454 0.070344
0 0.393644 0.128431 0.039583 0.053780
1 0.906859 0.972336 0.102416 0.055327
0 0.573222 0.777006 0.020994 0.028263
1 0.635610 0.074104 0.064307 0.086836
0 0.676620 0.481253 0.023621 0.032101
1 0.542995 0.302970 0.075810 0.103827
0 0.419259 0.747457 0.025628 0.035176
0 0.038725 0.770904 0.022246 0.029740
0 0.624509 0.075453 0.030578 0.042459
0 0.355257 0.444250 0.019382 0.027030
0 0.350429 0.055503 0.020604 0.028201
0 0.204818 0.992470 0.020662 0.015008
0 0.686406 0.088601 0.016523 0.022666
0 0.851432 0.344966 0.021792 0.031723
0 0.005844 0.537663 0.011689 0.031822
0 0.228087 0.974333 0.044133 0.051333
0 0.190203 0.210620 0.023686 0.031961
0 0.395012 0.083148 0.023337 0.031645
0 0.554152 0.013357 0.022935 0.026713
0 0.187758 0.247615 0.024191 0.032014
0 0.370908 0.102752 0.025510 0.034130
0 0.202346 0.760135 0.042251 0.057447
0 0.134271 0.346911 0.035555 0.046186
0 0.240230 0.176075 0.025224 0.034086
0 0.301963 0.757860 0.038809 0.051445
0 0.335646 0.478911 0.025056 0.034390
0 0.547001 0.961597 0.039661 0.053379
0 0.257768 0.229005 0.026104 0.035146
0 0.462381 0.585909 0.027036 0.035730
0 0.324190 0.129140 0.025034 0.032820
0 0.287801 0.353635 0.026206 0.037133
0 0.215262 0.084720 0.019798 0.026661
0 0.569796 0.203881 0.025233 0.033531
0 0.116850 0.464822 0.043057 0.059153
0 0.353529 0.193775 0.021711 0.029446
0 0.669220 0.115724 0.023059 0.030969
0 0.102850 0.341260 0.035348 0.046842
0 0.553987 0.048350 0.022347 0.030247
0 0.567971 0.965207 0.033678 0.044752
0 0.517902 0.332336 0.026947 0.037331
0 0.517075 0.963073 0.035418 0.047940
0 0.182584 0.351955 0.025119 0.033145
0 0.300024 0.291667 0.023849 0.032317
0 0.149200 0.330531 0.022349 0.029669
0 0.069690 0.075788 0.039692 0.052081
0 0.041056 0.138924 0.031645 0.041887
0 0.708570 0.831536 0.045950 0.062742
0 0.107346 0.528743 0.050135 0.059905
0 0.278442 0.254616 0.023441 0.030345
0 0.015362 0.828109 0.025286 0.034803
0 0.854762 0.015761 0.024715 0.030434
0 0.078165 0.462601 0.027494 0.036684
0 0.373533 0.327286 0.025765 0.035659
0 0.174423 0.083365 0.025070 0.033706
0 0.499816 0.110498 0.023054 0.031023
0 0.512258 0.868991 0.028808 0.036729
0 0.705525 0.095145 0.024885 0.033217
0 0.512071 0.555826 0.025977 0.035117
0 0.538317 0.165292 0.021729 0.029395
0 0.280217 0.227456 0.023292 0.030368
0 0.629215 0.746142 0.027619 0.036870
0 0.166919 0.388853 0.031122 0.039551
0 0.454558 0.569767 0.025423 0.033882
0 0.587543 0.695361 0.033274 0.045195
0 0.590044 0.477755 0.032946 0.043820
0 0.494700 0.223382 0.019845 0.027172
0 0.568299 0.165707 0.022166 0.028988
0 0.412782 0.180948 0.025911 0.035507
0 0.067048 0.441906 0.023290 0.031108
0 0.424541 0.557803 0.030546 0.040099
0 0.557342 0.213492 0.020910 0.028086
0 0.101223 0.890185 0.053103 0.070868
0 0.134004 0.190850 0.024457 0.032923
0 0.578295 0.417006 0.032295 0.042952
0 0.329352 0.445406 0.023652 0.032177
0 0.339765 0.117070 0.025055 0.033839
0 0.568367 0.060787 0.023946 0.032885
0 0.359336 0.338455 0.026274 0.035921
0 0.984402 0.414496 0.031027 0.042801
0 0.459303 0.027383 0.026533 0.035190
0 0.165879 0.311734 0.023365 0.032149
0 0.413668 0.141319 0.019911 0.026846
0 0.156494 0.556137 0.038236 0.051166
0 0.172335 0.163526 0.022927 0.031154
0 0.555491 0.745672 0.048381 0.065701
0 0.469164 0.542806 0.039932 0.054514
0 0.657288 0.186229 0.029727 0.040990
0 0.540555 0.228015 0.017822 0.023537
0 0.752445 0.380221 0.040867 0.056029
0 0.730792 0.683406 0.045016 0.057794
0 0.516137 0.152429 0.021111 0.028498
0 0.198107 0.453784 0.029405 0.039350
0 0.508431 0.204815 0.020100 0.026348
0 0.331117 0.190959 0.035271 0.047333
0 0.205038 0.053470 0.027827 0.036787
0 0.259995 0.512883 0.026187 0.035213
0 0.496813 0.408065 0.024837 0.034272
0 0.672827 0.232781 0.020500 0.027358
0 0.532016 0.018873 0.030682 0.037746
0 0.364609 0.177331 0.037405 0.049654
0 0.194747 0.289961 0.042593 0.053088
0 0.758024 0.943457 0.025805 0.035178
0 0.368084 0.722043 0.029277 0.039908
0 0.610469 0.171612 0.026907 0.034423
0 0.286711 0.658803 0.026587 0.037585
0 0.378283 0.481469 0.024968 0.033829
0 0.285753 0.717663 0.034721 0.047672
0 0.842668 0.490418 0.038075 0.052153
0 0.540426 0.246471 0.018668 0.024343
0 0.076050 0.599117 0.046375 0.063414
0 0.507110 0.299229 0.025479 0.035457
0 0.463185 0.208506 0.021606 0.029579
0 0.524746 0.432387 0.035456 0.047211
0 0.041229 0.438583 0.026173 0.035340
0 0.444473 0.641041 0.034921 0.046850
0 0.199503 0.024268 0.023742 0.031792
0 0.731279 0.522623 0.027686 0.037225
0 0.154472 0.230103 0.022696 0.030302
0 0.978399 0.151164 0.034534 0.045078
0 0.399513 0.504631 0.044616 0.057965
0 0.426823 0.230009 0.026476 0.036377
0 0.284236 0.093011 0.038945 0.050662
0 0.932389 0.732640 0.050409 0.065289
0 0.019317 0.010059 0.017762 0.019923
0 0.269890 0.640452 0.030095 0.041213
0 0.951373 0.448979 0.030838 0.040915
0 0.316527 0.558049 0.029109 0.038871
0 0.483858 0.180584 0.034242 0.049095
0 0.236981 0.746118 0.027787 0.036830
0 0.617440 0.713376 0.036594 0.049067
0 0.478991 0.423914 0.022789 0.031394
0 0.262540 0.065007 0.042735 0.053634
0 0.507024 0.900040 0.044387 0.054577
0 0.287438 0.176169 0.038882 0.051600
0 0.987112 0.307907 0.023969 0.032689
0 0.712268 0.150337 0.022326 0.028601
0 0.804567 0.877542 0.031152 0.040656
0 0.293845 0.030747 0.020978 0.028356
0 0.566065 0.221327 0.019181 0.024763
0 0.368295 0.453563 0.022011 0.029313
0 0.272624 0.442046 0.046365 0.058753
0 0.792213 0.041126 0.044788 0.057057
0 0.035567 0.035012 0.022452 0.028754
0 0.965980 0.371959 0.025298 0.033805
0 0.198003 0.068183 0.019549 0.026781
0 0.397178 0.348469 0.042533 0.060824
0 0.750990 0.807339 0.027014 0.035935
0 0.866971 0.086557 0.020020 0.026256
0 0.176871 0.666349 0.052556 0.071047
0 0.652675 0.127689 0.034184 0.044416
0 0.353312 0.010273 0.019678 0.020546
0 0.509710 0.170162 0.018959 0.026384
0 0.642450 0.514746 0.030449 0.040902
0 0.493091 0.338198 0.024634 0.033778
0 0.138794 0.306718 0.021994 0.029222
0 0.122934 0.126359 0.039236 0.052347
0 0.735240 0.160334 0.025648 0.034581
0 0.753532 0.025725 0.026233 0.035260
0 0.892077 0.124697 0.022194 0.029644
0 0.325025 0.642823 0.025847 0.034939
0 0.156336 0.150641 0.028531 0.036680
0 0.309709 0.024427 0.032608 0.045462
0 0.957791 0.097005 0.037579 0.049822
0 0.353997 0.238993 0.025814 0.034874
0 0.318026 0.109692 0.023277 0.030479
0 0.645940 0.718544 0.029294 0.038982
0 0.823383 0.628929 0.037665 0.050071
0 0.776625 0.150056 0.034835 0.046308
0 0.040208 0.720016 0.047376 0.064596
0 0.145058 0.250610 0.025417 0.034434
0 0.284597 0.011004 0.025435 0.021693
0 0.686772 0.778792 0.025802 0.034964
0 0.041467 0.101053 0.047564 0.063305
0 0.954685 0.399792 0.031013 0.039160
0 0.858304 0.460687 0.026052 0.035731
0 0.915781 0.172314 0.025337 0.034598
0 0.540300 0.496792 0.023584 0.031006
0 0.485428 0.492603 0.023590 0.031467
0 0.305795 0.654074 0.025578 0.035716
0 0.467313 0.944863 0.026665 0.036225
0 0.638906 0.566470 0.028380 0.037859
0 0.262095 0.254416 0.018945 0.025980
0 0.920850 0.273457 0.033328 0.045465
0 0.980415 0.039684 0.031382 0.042281
0 0.621148 0.264044 0.021591 0.029726
0 0.819583 0.744090 0.029344 0.037878
0 0.559881 0.524637 0.024905 0.034385
0 0.755559 0.477276 0.023776 0.031570
0 0.802540 0.302375 0.030472 0.039968
0 0.104307 0.290361 0.020384 0.027118
0 0.665674 0.034864 0.023164 0.030607
0 0.979693 0.475368 0.026295 0.035573
0 0.832761 0.363307 0.027641 0.037785
0 0.526340 0.545554 0.024533 0.032769
0 0.616326 0.667433 0.025273 0.034733
0 0.726020 0.942807 0.030659 0.041015
0 0.157467 0.778063 0.062519 0.082506
0 0.754011 0.336764 0.022014 0.029249
0 0.540299 0.701420 0.022125 0.029095
0 0.860983 0.367656 0.021154 0.028105
0 0.347259 0.405526 0.025489 0.034562
0 0.512927 0.602722 0.043804 0.056581
0 0.075887 0.520206 0.040105 0.050658
0 0.466298 0.414992 0.023418 0.031124
0 0.244130 0.130763 0.045050 0.061501
0 0.262249 0.560752 0.052128 0.071409
0 0.372489 0.435534 0.026147 0.034055
0 0.680944 0.567760 0.029125 0.038432
0 0.356327 0.395470 0.022316 0.031050
0 0.384482 0.620679 0.045113 0.056792
0 0.500170 0.251364 0.018601 0.024643
0 0.306937 0.459428 0.023754 0.031736
0 0.284510 0.322600 0.020222 0.028195
0 0.147238 0.899720 0.035583 0.047351
0 0.303823 0.948695 0.038144 0.050882
0 0.097486 0.308411 0.041200 0.056093
0 0.496640 0.563306 0.019977 0.026871
0 0.132710 0.957861 0.024596 0.033001
0 0.511090 0.676331 0.026443 0.035351
0 0.768482 0.441383 0.022267 0.030294
0 0.537744 0.210277 0.021386 0.030510
0 0.739623 0.436627 0.027872 0.037263
0 0.105585 0.500159 0.019885 0.026647
0 0.448001 0.009383 0.023284 0.018766
0 0.965756 0.496654 0.022047 0.029029
0 0.495947 0.527159 0.020802 0.028528
0 0.756618 0.519150 0.025572 0.034513
0 0.610348 0.497465 0.021791 0.029448
0 0.508987 0.853105 0.023065 0.031064
0 0.495208 0.484976 0.020622 0.027253
0 0.319817 0.967305 0.022830 0.030563
0 0.126971 0.652857 0.025449 0.032959
0 0.589428 0.045927 0.018988 0.025198
0 0.238693 0.946589 0.024594 0.033392
0 0.036101 0.075969 0.022123 0.028956
0 0.470204 0.270622 0.020607 0.028211
0 0.989092 0.231798 0.021682 0.038709
0 0.025818 0.783573 0.051637 0.081074
0 0.506958 0.650023 0.026112 0.036915
0 0.333542 0.317180 0.020120 0.026814
0 0.661787 0.052108 0.018399 0.024162
0 0.814232 0.174319 0.040023 0.052256
0 0.238416 0.775598 0.026655 0.033571
0 0.035541 0.966906 0.027192 0.036257
0 0.953162 0.298369 0.027275 0.037522
0 0.220696 0.241836 0.020931 0.027663
0 0.576800 0.248467 0.038275 0.050520
0 0.266631 0.500221 0.022254 0.029355
0 0.778454 0.959521 0.033666 0.045727
0 0.353389 0.685643 0.026817 0.036899
0 0.634292 0.251765 0.029012 0.037755
0 0.321291 0.302359 0.040407 0.058143
0 0.045298 0.587855 0.027611 0.036026
0 0.436924 0.713011 0.026628 0.035387
0 0.659351 0.064913 0.017782 0.023334
0 0.669339 0.737486 0.024630 0.032950
0 0.866637 0.068620 0.018924 0.025377
0 0.886316 0.368877 0.022389 0.029043
0 0.134513 0.676254 0.025414 0.034326
0 0.694132 0.649132 0.027086 0.037088
0 0.243354 0.424703 0.023906 0.032675
0 0.951040 0.422744 0.030186 0.037805
0 0.338024 0.418999 0.020473 0.026981
0 0.119184 0.061355 0.024321 0.031933
0 0.119540 0.988714 0.032755 0.022572
0 0.910762 0.392952 0.031566 0.043262
0 0.991953 0.437697 0.016093 0.029738
0 0.437865 0.532210 0.022398 0.030021
0 0.228352 0.050198 0.044247 0.057244
0 0.534394 0.483414 0.020588 0.028216
0 0.629862 0.142198 0.035214 0.047341
1 0.895619 0.065256 0.092397 0.128459
0 0.492191 0.284457 0.019703 0.025973
0 0.547256 0.676121 0.022899 0.030721
0 0.869068 0.439782 0.022601 0.030842
0 0.492536 0.990248 0.026319 0.019298
0 0.173014 0.258707 0.018242 0.024790
0 0.527933 0.216312 0.021859 0.031745
0 0.737851 0.351179 0.036025 0.048531
0 0.051141 0.606785 0.025371 0.033650
0 0.974925 0.461063 0.022166 0.028721
0 0.527865 0.278364 0.017201 0.023897
0 0.602045 0.323219 0.020147 0.027160
0 0.227929 0.619494 0.023095 0.029296
1 0.690781 0.268899 0.186414 0.253742
0 0.901152 0.947657 0.095164 0.098405
