0 0.223204 0.895537 0.045455 0.034091
0 0.963734 0.545790 0.035985 0.046717
0 0.744984 0.219401 0.043561 0.042929
0 0.231726 0.936573 0.043561 0.042929
0 0.451897 0.701724 0.025568 0.075758
0 0.032863 0.648063 0.037879 0.054293
0 0.298014 0.677103 0.037879 0.059344
0 0.337314 0.136068 0.055871 0.040404
0 0.055590 0.845664 0.039773 0.058081
0 0.200003 0.559047 0.046402 0.063131
0 0.924908 0.069780 0.047349 0.077020
0 0.553691 0.168404 0.078506 0.101413
1 0.494395 0.046154 0.108380 0.092309
1 0.532767 0.800186 0.097353 0.118260
1 0.550002 0.357123 0.100668 0.121610
1 0.379422 0.955097 0.149316 0.089806
1 0.918113 0.233753 0.111356 0.144017
1 0.609336 0.549407 0.120267 0.160878
1 0.265225 0.299805 0.113983 0.181813
1 0.584703 0.917885 0.146852 0.164229
1 0.153858 0.386261 0.128889 0.190409
1 0.723389 0.424552 0.153402 0.218437
1 0.383520 0.661822 0.196574 0.231998
1 0.738797 0.702418 0.220065 0.255862
0 0.613073 0.903278 0.048671 0.068814
1 0.319668 0.032045 0.134791 0.064091
0 0.587602 0.296818 0.045729 0.061170
0 0.639790 0.691966 0.041597 0.055567
0 0.773580 0.317703 0.036405 0.047863
