0 0.776180 0.185414 0.031566 0.031250
0 0.088680 0.640433 0.035354 0.028409
0 0.371508 0.059940 0.037879 0.028409
0 0.855094 0.545262 0.050505 0.025568
0 0.315321 0.739391 0.034091 0.038826
0 0.231988 0.542421 0.039141 0.038826
0 0.666331 0.486077 0.054293 0.028409
0 0.223781 0.023008 0.047980 0.034091
0 0.505346 0.877649 0.047980 0.035038
0 0.929589 0.739391 0.045455 0.040720
0 0.218730 0.617705 0.047980 0.051136
1 0.949625 0.620425 0.100750 0.123425
1 0.225001 0.119531 0.134645 0.099506
1 0.216461 0.713453 0.132906 0.109766
1 0.415768 0.048698 0.163565 0.097396
1 0.936585 0.453753 0.126831 0.126981
1 0.058820 0.483716 0.117546 0.145993
1 0.674803 0.881673 0.181309 0.110364
1 0.075302 0.827307 0.150604 0.133111
1 0.073545 0.625191 0.147091 0.153381
1 0.549377 0.579175 0.176220 0.129446
1 0.848184 0.291878 0.175855 0.129832
1 0.908845 0.929376 0.182310 0.135907
1 0.255257 0.866336 0.180938 0.146885
1 0.712721 0.100349 0.294785 0.198790
1 0.329750 0.401169 0.352323 0.248670
0 0.069008 0.670532 0.065014 0.044623
