1 0.160158 0.646775 0.235759 0.261776
1 0.117172 0.285578 0.213373 0.252154
1 0.859625 0.857635 0.133586 0.189610
1 0.267094 0.919759 0.212183 0.160482
1 0.800782 0.437009 0.134095 0.146487
0 0.648252 0.737386 0.050938 0.065465
1 0.543022 0.413551 0.114255 0.153905
0 0.654183 0.389422 0.053618 0.071060
0 0.661691 0.231716 0.059738 0.074372
0 0.643547 0.792050 0.046724 0.061735
0 0.402276 0.661724 0.050440 0.067738
0 0.355022 0.805535 0.054640 0.062960
0 0.623948 0.864254 0.039675 0.057872
0 0.475354 0.444189 0.061404 0.080586
1 0.939137 0.609084 0.118556 0.173711
0 0.212245 0.503242 0.063207 0.082134
0 0.362462 0.654809 0.061332 0.076235
0 0.733096 0.631578 0.039430 0.051164
1 0.046474 0.584691 0.092948 0.377495
0 0.671350 0.833658 0.035253 0.045574
0 0.521885 0.607444 0.059032 0.076731
0 0.344527 0.613221 0.039360 0.053134
0 0.709508 0.198052 0.044823 0.061161
0 0.750666 0.555477 0.051184 0.067643
1 0.666797 0.052631 0.144096 0.105261
0 0.185424 0.784709 0.037564 0.046632
1 0.953232 0.057622 0.093536 0.115243
1 0.976661 0.690095 0.046678 0.143361
0 0.936992 0.944666 0.060799 0.078039
1 0.263541 0.961663 0.246754 0.076674
1 0.793335 0.610987 0.114450 0.144597
1 0.959793 0.215484 0.080415 0.209053
1 0.773698 0.035149 0.129058 0.069467
1 0.963167 0.394241 0.073666 0.230709
1 0.038196 0.880093 0.076392 0.168361
1 0.327500 0.296583 0.058000 0.109333
