0 0.312204 0.538071 0.036616 0.023674
0 0.745285 0.246404 0.034091 0.025568
0 0.961194 0.406916 0.039141 0.028409
0 0.134805 0.808904 0.040404 0.029356
0 0.737078 0.632295 0.035354 0.034091
0 0.973189 0.429643 0.035354 0.034091
0 0.163214 0.474151 0.041667 0.037879
0 0.881648 0.734094 0.041667 0.038826
0 0.184679 0.078791 0.041667 0.038826
0 0.605133 0.302276 0.046717 0.038826
0 0.401851 0.726992 0.059343 0.035985
0 0.225083 0.767711 0.054293 0.039773
0 0.303366 0.707579 0.059343 0.042614
0 0.120285 0.648393 0.059343 0.045455
0 0.566623 0.700476 0.055555 0.053030
0 0.032940 0.433955 0.065880 0.074781
0 0.416536 0.300198 0.087646 0.066358
1 0.077795 0.094380 0.133526 0.089933
1 0.828427 0.048250 0.132184 0.096036
1 0.207860 0.375109 0.146002 0.098395
1 0.687558 0.948559 0.142294 0.102881
1 0.381357 0.828244 0.142379 0.105403
1 0.453718 0.921747 0.129639 0.116463
1 0.294519 0.585597 0.162655 0.107934
1 0.877441 0.929926 0.146124 0.122602
1 0.172852 0.872086 0.159024 0.115804
1 0.525372 0.099517 0.163388 0.119540
1 0.861386 0.168260 0.156637 0.135766
1 0.134815 0.273973 0.189619 0.136532
1 0.322473 0.168548 0.183474 0.157180
1 0.581450 0.478648 0.230264 0.197949
1 0.775176 0.743914 0.304819 0.255574
