0 0.857292 0.719184 0.025000 0.041667
0 0.908333 0.694184 0.075000 0.052778
0 0.824479 0.628212 0.030208 0.040278
0 0.537500 0.727517 0.037500 0.047222
0 0.500521 0.879601 0.030208 0.059722
0 0.508667 0.491742 0.026124 0.022046
0 0.062096 0.549758 0.009854 0.039417
0 0.128613 0.632815 0.023228 0.029094
0 0.046258 0.604191 0.030267 0.028155
0 0.098346 0.123675 0.021820 0.045048
0 0.193370 0.202509 0.041529 0.033786
0 0.374619 0.177045 0.029563 0.019709
0 0.883525 0.313660 0.029563 0.048802
0 0.681511 0.426322 0.023932 0.026278
0 0.499206 0.943690 0.025340 0.030971
0 0.705287 0.764491 0.030267 0.041294
0 0.917508 0.856734 0.033786 0.027217
0 0.808406 0.845002 0.023932 0.030032
0 0.802775 0.917737 0.036602 0.032848
0 0.282607 0.707511 0.023932 0.049741
0 0.382206 0.453644 0.019005 0.028155
0 0.378687 0.476638 0.020412 0.029094
0 0.380446 0.326477 0.038010 0.029094
0 0.555361 0.249519 0.017597 0.042233
0 0.343493 0.079180 0.027451 0.035663
0 0.717957 0.338677 0.019005 0.036602
0 0.909061 0.084341 0.032379 0.032848
0 0.677132 0.874566 0.027451 0.038479
0 0.607800 0.817786 0.021116 0.050680
0 0.193214 0.751152 0.028155 0.026278
0 0.079889 0.973650 0.016893 0.052700
1 0.213021 0.392795 0.248958 0.175000
1 0.420312 0.657379 0.257292 0.243055
1 0.826562 0.933203 0.242708 0.133594
1 0.203646 0.103906 0.228125 0.180556
