0 0.694010 0.257812 0.020833 0.034375
0 0.534809 0.840104 0.037500 0.019792
0 0.687066 0.220313 0.031945 0.023958
0 0.507422 0.854167 0.037500 0.022917
0 0.718316 0.277604 0.030556 0.028125
0 0.705122 0.193229 0.031944 0.030208
0 0.500955 0.530729 0.040278 0.026042
0 0.200955 0.916146 0.031944 0.034375
0 0.520399 0.803646 0.054167 0.021875
0 0.575955 0.479688 0.043056 0.032292
0 0.402387 0.425521 0.052778 0.028125
0 0.314149 0.319792 0.036111 0.041667
0 0.391233 0.658333 0.043055 0.037500
0 0.650955 0.518750 0.045833 0.035417
0 0.349566 0.312500 0.040278 0.041667
0 0.690538 0.041146 0.038889 0.044792
0 0.232899 0.300000 0.034722 0.056250
0 0.200195 0.427083 0.047222 0.043750
0 0.021658 0.093229 0.043316 0.051042
0 0.254058 0.468750 0.056944 0.066667
1 0.514149 0.669792 0.141667 0.104167
1 0.723177 0.571354 0.190278 0.128125
1 0.350955 0.775521 0.170833 0.151042
1 0.836372 0.866667 0.238889 0.177083
1 0.442622 0.080729 0.359722 0.161458
1 0.497592 0.939682 0.216609 0.119415
0 0.644713 0.475372 0.059741 0.047745
1 0.073659 0.580090 0.147318 0.177955
0 0.926529 0.291815 0.059951 0.044176
0 0.518490 0.844125 0.064500 0.045874
0 0.699055 0.209834 0.057907 0.046292
0 0.716731 0.243736 0.064634 0.046957
1 0.943006 0.519035 0.113988 0.116212
1 0.932780 0.117728 0.133724 0.128536
0 0.830546 0.732286 0.051464 0.043022
