0 0.223820 0.814586 0.031566 0.031250
0 0.911320 0.359567 0.035354 0.028409
0 0.628492 0.940060 0.037879 0.028409
0 0.144906 0.454738 0.050505 0.025568
0 0.684679 0.260609 0.034091 0.038826
0 0.768012 0.457579 0.039141 0.038826
0 0.333669 0.513923 0.054293 0.028409
0 0.776219 0.976992 0.047980 0.034091
0 0.494654 0.122351 0.047980 0.035038
0 0.070411 0.260609 0.045455 0.040720
0 0.781270 0.382295 0.047980 0.051136
1 0.050375 0.379575 0.100750 0.123425
1 0.774999 0.880469 0.134645 0.099506
1 0.783539 0.286547 0.132906 0.109766
1 0.584232 0.951302 0.163565 0.097396
1 0.063415 0.546247 0.126831 0.126981
1 0.941180 0.516284 0.117546 0.145993
1 0.325197 0.118327 0.181309 0.110364
1 0.924698 0.172693 0.150604 0.133111
1 0.926455 0.374809 0.147091 0.153381
1 0.450623 0.420825 0.176220 0.129446
1 0.151816 0.708122 0.175855 0.129832
1 0.091155 0.070624 0.182310 0.135907
1 0.744743 0.133664 0.180938 0.146885
1 0.287279 0.899651 0.294785 0.198790
1 0.670250 0.598831 0.352323 0.248670
0 0.931859 0.330795 0.060176 0.040115
1 0.871209 0.623865 0.203482 0.153292
