0 0.722396 0.587760 0.023958 0.030555
0 0.709896 0.619010 0.023958 0.037500
0 0.217188 0.457899 0.023958 0.043056
0 0.854688 0.962066 0.030208 0.034722
0 0.513542 0.502344 0.033333 0.031944
0 0.572917 0.550260 0.035417 0.030556
0 0.613542 0.898872 0.035417 0.033333
0 0.553125 0.578733 0.035417 0.034722
0 0.358333 0.466927 0.027083 0.047222
0 0.576042 0.923177 0.037500 0.034722
0 0.158333 0.514149 0.031250 0.041667
0 0.600000 0.871094 0.041667 0.033333
0 0.741146 0.351649 0.032292 0.044444
0 0.468750 0.130121 0.037500 0.043056
0 0.645833 0.234918 0.035417 0.047222
0 0.941146 0.048872 0.038542 0.044444
0 0.337500 0.228038 0.039583 0.044444
0 0.521875 0.367622 0.041667 0.043056
0 0.918750 0.156510 0.037500 0.048611
0 0.686979 0.927387 0.044792 0.041667
0 0.973438 0.326280 0.036458 0.070833
0 0.231771 0.549566 0.046875 0.056945
0 0.142708 0.889149 0.056250 0.052778
0 0.763021 0.615538 0.040625 0.077778
0 0.249479 0.734288 0.061458 0.062500
0 0.117188 0.826476 0.057292 0.068056
0 0.113542 0.188672 0.058333 0.069444
1 0.814063 0.225955 0.128125 0.145833
1 0.098437 0.536372 0.196875 0.188889
1 0.542708 0.272483 0.175000 0.338889
1 0.686979 0.735677 0.230208 0.301389
1 0.130208 0.198047 0.260417 0.396094
0 0.196715 0.210167 0.044015 0.059564
