0 0.802517 0.031250 0.038889 0.020833
0 0.106684 0.032292 0.033333 0.025000
0 0.083767 0.886458 0.037500 0.022917
0 0.315017 0.535417 0.033333 0.029167
0 0.820573 0.726042 0.038889 0.025000
0 0.870247 0.592187 0.036111 0.030208
0 0.610156 0.898958 0.043056 0.027083
0 0.244878 0.120313 0.034722 0.034375
0 0.777517 0.966667 0.036111 0.033333
0 0.667860 0.863542 0.038889 0.031250
0 0.663628 0.654167 0.041667 0.029167
0 0.654601 0.080729 0.054167 0.023958
0 0.890885 0.808854 0.038889 0.034375
0 0.962196 0.520312 0.031944 0.063542
1 0.122439 0.250000 0.200000 0.135417
1 0.715017 0.467187 0.433333 0.253125
1 0.875383 0.158128 0.249234 0.224131
0 0.515582 0.844312 0.065875 0.052370
0 0.877861 0.685365 0.057375 0.042034
0 0.698431 0.797692 0.072082 0.048709
1 0.573500 0.536369 0.182977 0.149653
