0 0.755729 0.356510 0.019792 0.034722
0 0.270313 0.226866 0.030208 0.051389
0 0.095313 0.023871 0.042708 0.044444
0 0.160417 0.214084 0.043750 0.044444
0 0.780208 0.282530 0.037500 0.052778
0 0.338542 0.946788 0.039583 0.054167
0 0.816146 0.703038 0.032292 0.069444
0 0.282292 0.122483 0.047917 0.050000
0 0.581771 0.520399 0.038542 0.065278
0 0.976042 0.173871 0.033333 0.077778
0 0.955729 0.072483 0.051042 0.052778
0 0.870313 0.162760 0.042708 0.066667
0 0.308854 0.738455 0.046875 0.062500
0 0.244271 0.931510 0.061458 0.048611
0 0.949479 0.810720 0.036458 0.086111
0 0.403646 0.466927 0.071875 0.047222
0 0.463542 0.400781 0.054167 0.066667
0 0.789063 0.488455 0.055208 0.076389
1 0.593229 0.300955 0.151042 0.151389
1 0.750000 0.079297 0.256250 0.158594
1 0.362500 0.191233 0.191667 0.223611
1 0.888021 0.471094 0.163542 0.269444
0 0.091554 0.406828 0.058423 0.075424
0 0.137457 0.638711 0.045957 0.063088
0 0.762378 0.346998 0.045860 0.061797
