0 0.099566 0.761979 0.023611 0.026042
0 0.749566 0.552604 0.023611 0.028125
0 0.155859 0.784375 0.034722 0.022917
0 0.287391 0.138021 0.045833 0.028125
0 0.195616 0.197917 0.050000 0.041667
0 0.380816 0.019792 0.075000 0.031250
0 0.621788 0.255208 0.062500 0.039583
0 0.475260 0.226042 0.066667 0.037500
0 0.357899 0.142188 0.045833 0.063542
0 0.267556 0.238542 0.059722 0.054167
1 0.769705 0.158333 0.066667 0.058333
0 0.840365 0.907292 0.090278 0.072917
1 0.741233 0.091146 0.109722 0.071875
1 0.410677 0.930729 0.131944 0.084375
1 0.569705 0.855208 0.113889 0.116667
1 0.888455 0.174479 0.112500 0.119792
1 0.305816 0.489063 0.133333 0.105208
1 0.930686 0.598958 0.138628 0.185417
1 0.544705 0.373437 0.169444 0.153125
1 0.375955 0.730729 0.206944 0.136458
0 0.966743 0.045748 0.065583 0.056382
