0 0.985895 0.789182 0.028110 0.033692
0 0.443099 0.131564 0.036782 0.028639
0 0.968013 0.506413 0.041139 0.031491
0 0.613197 0.171460 0.042166 0.031805
0 0.020007 0.419756 0.040014 0.033759
0 0.551974 0.047426 0.043964 0.031613
0 0.636365 0.092658 0.043988 0.032523
0 0.409926 0.088569 0.044191 0.032775
0 0.852004 0.367945 0.045371 0.031986
0 0.859192 0.762205 0.045550 0.032594
0 0.846190 0.261314 0.045380 0.033499
0 0.499452 0.224490 0.046922 0.034235
0 0.513567 0.708651 0.046670 0.034951
0 0.296981 0.977588 0.047016 0.034783
0 0.515805 0.684916 0.048006 0.034163
0 0.750963 0.725651 0.047620 0.034774
0 0.589095 0.113227 0.048394 0.034411
0 0.115549 0.772604 0.046586 0.035805
0 0.512810 0.163892 0.046648 0.036308
0 0.029388 0.971601 0.047807 0.035564
0 0.743610 0.453753 0.048348 0.035264
0 0.186854 0.523367 0.048118 0.036065
0 0.605225 0.475027 0.049421 0.036251
0 0.814956 0.841647 0.048698 0.037218
0 0.981692 0.144387 0.036154 0.050204
0 0.526582 0.360188 0.048944 0.037251
0 0.929697 0.952032 0.049602 0.037763
0 0.916750 0.113116 0.049617 0.038238
0 0.927509 0.541996 0.050703 0.038098
0 0.550222 0.268310 0.050665 0.038472
0 0.157337 0.696936 0.051362 0.038709
0 0.722488 0.937409 0.053807 0.037017
0 0.404759 0.787662 0.051966 0.038373
0 0.630342 0.627660 0.051881 0.039407
0 0.969543 0.313385 0.051533 0.039927
0 0.090423 0.623803 0.054331 0.038696
0 0.179490 0.332297 0.053627 0.039637
0 0.924295 0.173573 0.053631 0.039717
0 0.273440 0.544118 0.054956 0.040062
0 0.026718 0.678886 0.053136 0.042867
0 0.900524 0.840438 0.055190 0.041439
0 0.757370 0.166810 0.057422 0.040052
0 0.896962 0.917989 0.055972 0.041179
0 0.723218 0.430379 0.060163 0.042121
0 0.807054 0.675276 0.059912 0.044042
0 0.656794 0.717241 0.059929 0.044356
0 0.523380 0.109422 0.063054 0.042700
0 0.808443 0.970229 0.061428 0.047084
0 0.274249 0.583639 0.065333 0.047455
0 0.906539 0.201581 0.075483 0.054503
1 0.223167 0.774000 0.089333 0.065000
1 0.791833 0.353000 0.101333 0.063000
1 0.797791 0.547560 0.163507 0.113584
1 0.489833 0.114500 0.233333 0.160000
0 0.418996 0.071289 0.042394 0.032090
0 0.839440 0.774142 0.053919 0.040463
0 0.835898 0.315288 0.037376 0.027083
0 0.579199 0.750307 0.045717 0.033938
0 0.987057 0.700031 0.025886 0.039750
0 0.365929 0.626477 0.057304 0.043110
