0 0.576058 0.491566 0.024917 0.034611
0 0.388026 0.913914 0.025114 0.035294
0 0.618097 0.966590 0.025721 0.036339
0 0.216353 0.828200 0.026093 0.036579
0 0.243967 0.316777 0.026614 0.037219
0 0.474144 0.931607 0.027080 0.037042
0 0.886609 0.239081 0.027838 0.036152
0 0.277310 0.748607 0.026762 0.038015
0 0.949774 0.527064 0.027722 0.038081
0 0.566683 0.814810 0.028442 0.037340
0 0.165396 0.522648 0.027138 0.039164
0 0.117523 0.191464 0.027860 0.038217
0 0.278665 0.539378 0.027593 0.038645
0 0.484232 0.687743 0.029025 0.037071
0 0.721241 0.277278 0.028912 0.037271
0 0.081358 0.272465 0.028883 0.037461
0 0.353099 0.620283 0.028624 0.037818
0 0.860657 0.242743 0.028436 0.038430
0 0.545401 0.878224 0.028318 0.039107
0 0.418039 0.766297 0.029191 0.038303
0 0.675558 0.693690 0.028583 0.039196
0 0.346142 0.779121 0.029374 0.038177
0 0.984711 0.326603 0.029824 0.037607
0 0.518556 0.576015 0.027991 0.040114
0 0.392188 0.953606 0.029098 0.038832
0 0.075913 0.080790 0.028904 0.039328
0 0.940382 0.118121 0.029526 0.038675
0 0.049869 0.403507 0.027736 0.041522
0 0.528501 0.760291 0.029221 0.039477
0 0.375217 0.883501 0.029800 0.038766
0 0.297064 0.528723 0.030181 0.038465
0 0.947576 0.395456 0.030324 0.038711
0 0.031038 0.848079 0.028844 0.040982
0 0.371579 0.736412 0.030604 0.038987
0 0.218292 0.616481 0.030367 0.039514
0 0.632114 0.939490 0.031042 0.039536
0 0.670476 0.930842 0.030028 0.041175
0 0.950344 0.366163 0.030394 0.040726
0 0.195281 0.485181 0.030695 0.042772
0 0.584635 0.445574 0.030871 0.043317
0 0.426296 0.138547 0.033334 0.040439
0 0.311514 0.721807 0.032017 0.042519
0 0.813099 0.300506 0.031955 0.042634
0 0.631208 0.828537 0.031104 0.044155
0 0.828917 0.644017 0.029665 0.046330
0 0.117091 0.553301 0.031792 0.043458
0 0.805094 0.613948 0.032837 0.042143
0 0.392194 0.264415 0.032009 0.043460
0 0.473852 0.379949 0.032903 0.042472
0 0.234779 0.341456 0.032339 0.044610
0 0.021565 0.954607 0.033708 0.043356
0 0.500716 0.628934 0.033611 0.043518
0 0.839412 0.027965 0.032270 0.046229
0 0.075046 0.478780 0.033998 0.044942
0 0.052093 0.937869 0.034033 0.045246
0 0.938357 0.320319 0.032126 0.050182
0 0.263883 0.902494 0.038742 0.042720
0 0.511579 0.130364 0.034416 0.048444
0 0.288402 0.856667 0.037819 0.044384
0 0.632930 0.745384 0.034922 0.050077
0 0.771086 0.565754 0.039525 0.045243
0 0.550091 0.081132 0.035075 0.052284
0 0.232525 0.792156 0.038716 0.047763
0 0.268224 0.467443 0.038165 0.049222
0 0.337318 0.521735 0.037776 0.050455
0 0.456970 0.769801 0.038800 0.050901
0 0.635525 0.491511 0.039121 0.051809
0 0.341553 0.718942 0.040896 0.049714
0 0.931731 0.237170 0.037735 0.054950
1 0.691000 0.818167 0.315000 0.196000
1 0.623000 0.510167 0.251000 0.297333
0 0.769163 0.705762 0.030754 0.042035
0 0.301883 0.042320 0.040256 0.052750
0 0.932293 0.563231 0.032713 0.043921
0 0.470997 0.514587 0.028578 0.037456
0 0.458751 0.656505 0.034762 0.044514
0 0.255736 0.277463 0.030246 0.041414
0 0.120936 0.516447 0.035702 0.049125
0 0.671741 0.129341 0.038580 0.049314
0 0.590865 0.600699 0.033660 0.045630
0 0.252066 0.054634 0.029782 0.039824
0 0.789107 0.702691 0.026812 0.034928
0 0.831861 0.224003 0.035168 0.047402
0 0.849383 0.438214 0.036656 0.047077
0 0.987392 0.084145 0.025216 0.052676
0 0.329006 0.200220 0.040383 0.049311
0 0.022273 0.771936 0.026611 0.036566
0 0.153109 0.862247 0.027050 0.035638
0 0.092357 0.583510 0.028711 0.039581
0 0.548093 0.987912 0.023632 0.024175
0 0.284615 0.070977 0.026432 0.037847
0 0.332872 0.986602 0.030226 0.026795
0 0.652616 0.051966 0.030090 0.041153
0 0.522846 0.673977 0.029880 0.038378
0 0.387194 0.738916 0.028730 0.037317
0 0.012677 0.060191 0.025355 0.042433
0 0.728714 0.784498 0.034873 0.044883
0 0.194955 0.206679 0.024947 0.032308
0 0.620979 0.709534 0.030834 0.043101
0 0.117157 0.758343 0.027804 0.038095
0 0.104939 0.471281 0.030676 0.039901
0 0.409255 0.307732 0.029762 0.041761
1 0.052093 0.173961 0.103233 0.218169
0 0.752573 0.190324 0.039668 0.051269
0 0.692071 0.817573 0.035710 0.046827
0 0.136624 0.068866 0.053585 0.074304
0 0.164830 0.411902 0.028826 0.037997
0 0.573494 0.982887 0.026942 0.031887
