0 0.421788 0.384375 0.026389 0.022917
0 0.207205 0.326042 0.033333 0.027083
0 0.646094 0.812500 0.027778 0.033333
0 0.857205 0.829688 0.027778 0.036458
0 0.557899 0.322396 0.029167 0.036458
0 0.875087 0.579167 0.034722 0.035417
0 0.718316 0.192708 0.033333 0.039583
0 0.971788 0.133333 0.043056 0.033333
0 0.653038 0.713542 0.038889 0.037500
0 0.434288 0.318229 0.031944 0.046875
0 0.904644 0.157292 0.037500 0.041667
0 0.131510 0.156771 0.037500 0.042708
0 0.303038 0.228646 0.047222 0.038542
0 0.077279 0.277083 0.045833 0.043750
0 0.965538 0.522917 0.055556 0.064583
0 0.939149 0.660937 0.061111 0.059375
0 0.525955 0.371354 0.068056 0.061458
1 0.630816 0.951562 0.136111 0.096875
1 0.380122 0.092708 0.151389 0.129167
1 0.811372 0.305208 0.202778 0.102083
1 0.180122 0.948438 0.209722 0.103125
1 0.633594 0.050521 0.225000 0.101042
1 0.303038 0.831250 0.202778 0.114583
1 0.373221 0.498437 0.177778 0.146875
1 0.701975 0.554167 0.275000 0.227083
0 0.146101 0.189318 0.053001 0.038349
0 0.965175 0.033349 0.058265 0.041937
1 0.934580 0.773124 0.129279 0.174966
0 0.402546 0.930198 0.072981 0.050635
0 0.143801 0.359013 0.046012 0.036073
0 0.947119 0.292705 0.041708 0.033599
