0 0.791753 0.504459 0.041162 0.057330
0 0.351477 0.459134 0.041043 0.054850
0 0.257040 0.602914 0.040338 0.054536
0 0.311619 0.117105 0.035633 0.046967
1 0.554806 0.617645 0.116491 0.153414
0 0.400391 0.399564 0.033973 0.046315
0 0.188535 0.551124 0.039657 0.051481
0 0.899236 0.494890 0.050564 0.065641
0 0.789144 0.259985 0.038921 0.051347
0 0.359094 0.337967 0.034846 0.047295
0 0.305504 0.084761 0.038614 0.051176
0 0.269779 0.941932 0.038956 0.052880
0 0.355754 0.585008 0.039814 0.053699
0 0.589186 0.719363 0.034650 0.047829
0 0.675084 0.365251 0.040971 0.049905
0 0.537795 0.032641 0.031934 0.047057
0 0.563204 0.494653 0.031140 0.042408
0 0.015430 0.670742 0.030222 0.043766
0 0.022979 0.584718 0.045958 0.073917
0 0.864248 0.655138 0.054002 0.071184
0 0.471850 0.766143 0.065689 0.085438
0 0.494375 0.981738 0.033935 0.036386
0 0.520017 0.414001 0.030095 0.038453
0 0.284181 0.710258 0.045741 0.071659
0 0.209843 0.029329 0.037578 0.048631
0 0.101216 0.161433 0.038273 0.050224
0 0.836691 0.982059 0.047153 0.035288
0 0.508488 0.129010 0.036271 0.048071
0 0.487289 0.444189 0.028470 0.038592
1 0.344324 0.771050 0.094253 0.125587
0 0.986338 0.217323 0.027323 0.080803
0 0.326921 0.578625 0.039058 0.053597
0 0.734222 0.395641 0.062199 0.079123
1 0.035131 0.709563 0.070210 0.166910
1 0.777500 0.641167 0.090000 0.125333
1 0.650000 0.934500 0.053000 0.090667
