0 0.031250 0.197483 0.020833 0.038889
0 0.032292 0.893316 0.025000 0.033333
0 0.886458 0.916233 0.022917 0.037500
0 0.535417 0.684983 0.029167 0.033333
0 0.726042 0.179427 0.025000 0.038889
0 0.592187 0.129753 0.030208 0.036111
0 0.898958 0.389844 0.027083 0.043056
0 0.120313 0.755122 0.034375 0.034722
0 0.966667 0.222483 0.033333 0.036111
0 0.863542 0.332140 0.031250 0.038889
0 0.654167 0.336372 0.029167 0.041667
0 0.080729 0.345399 0.023958 0.054167
0 0.808854 0.109115 0.034375 0.038889
0 0.520312 0.037804 0.063542 0.031944
1 0.250000 0.877561 0.135417 0.200000
1 0.467187 0.284983 0.253125 0.433333
1 0.147766 0.124260 0.238668 0.246508
0 0.170826 0.541009 0.057395 0.086327
1 0.536831 0.421023 0.144814 0.178515
0 0.684079 0.121036 0.044125 0.058022
0 0.952509 0.973909 0.062814 0.052183
