0 0.446634 0.077370 0.026515 0.018939
0 0.730488 0.303696 0.027778 0.022727
0 0.538806 0.090154 0.039141 0.023674
0 0.203086 0.471783 0.035353 0.027462
0 0.742483 0.653601 0.041667 0.027462
0 0.283756 0.276708 0.034091 0.035038
0 0.375927 0.017852 0.034091 0.035704
0 0.526811 0.424908 0.025252 0.049242
0 0.486407 0.112408 0.035354 0.035985
0 0.020439 0.126139 0.035354 0.036932
0 0.379715 0.968469 0.044192 0.030303
0 0.241458 0.302749 0.035354 0.039773
0 0.458531 0.843942 0.053030 0.027462
0 0.506372 0.277181 0.044192 0.037879
0 0.624033 0.156442 0.060606 0.029356
0 0.238301 0.749719 0.044192 0.041667
0 0.651180 0.497351 0.041667 0.046402
0 0.382872 0.157863 0.042929 0.045455
0 0.295750 0.964208 0.047980 0.042614
0 0.392677 0.735988 0.039141 0.053977
0 0.761423 0.336840 0.054293 0.045455
0 0.654968 0.112408 0.049242 0.062500
1 0.550170 0.185325 0.099747 0.111742
1 0.146129 0.569795 0.203283 0.117424
1 0.902644 0.666297 0.191688 0.176499
1 0.904900 0.366177 0.188087 0.215904
1 0.726051 0.909607 0.263418 0.180786
1 0.281862 0.295173 0.300505 0.195076
1 0.545993 0.566667 0.278315 0.251360
0 0.887739 0.505916 0.063023 0.047421
0 0.039953 0.245146 0.060822 0.042171
1 0.920573 0.218001 0.157146 0.184696
1 0.178822 0.943223 0.193885 0.112186
0 0.127020 0.128020 0.062965 0.051693
0 0.519036 0.424850 0.078540 0.062071
0 0.685987 0.314286 0.044600 0.033631
