0 0.751563 0.371311 0.023958 0.065278
0 0.286458 0.123177 0.035417 0.054167
0 0.790104 0.362587 0.044792 0.051389
0 0.099479 0.377344 0.032292 0.073611
0 0.398438 0.427279 0.046875 0.056944
0 0.046875 0.514844 0.041667 0.065278
0 0.491146 0.050304 0.042708 0.068056
0 0.425521 0.463780 0.048958 0.065278
0 0.727604 0.714149 0.051042 0.063889
0 0.090104 0.921094 0.057292 0.069444
0 0.081771 0.774566 0.046875 0.093056
0 0.781771 0.239149 0.053125 0.083333
0 0.553125 0.669705 0.087500 0.066667
0 0.839583 0.551649 0.083333 0.083333
0 0.575521 0.738455 0.094792 0.073611
0 0.670833 0.788455 0.075000 0.109722
1 0.496354 0.544010 0.101042 0.120833
1 0.244792 0.835677 0.162500 0.298611
1 0.892708 0.794575 0.214583 0.410851
0 0.734086 0.922438 0.051484 0.067463
