0 0.842101 0.433333 0.037500 0.022917
0 0.696267 0.502083 0.043055 0.029167
0 0.692101 0.879687 0.043055 0.044792
0 0.171267 0.268750 0.076389 0.031250
0 0.439323 0.178125 0.059722 0.043750
0 0.972092 0.328646 0.055816 0.051042
0 0.319878 0.426562 0.070833 0.046875
0 0.908073 0.093750 0.075000 0.047917
0 0.104970 0.031250 0.058333 0.062500
0 0.283767 0.807292 0.068056 0.066667
1 0.031152 0.850521 0.062305 0.165625
1 0.246745 0.609896 0.154167 0.188542
1 0.905859 0.548958 0.188281 0.222917
1 0.799740 0.798437 0.277778 0.232292
1 0.582379 0.186458 0.190278 0.372917
