0 0.643490 0.244271 0.034722 0.019792
0 0.773134 0.729687 0.051389 0.030208
0 0.976129 0.904687 0.044444 0.042708
0 0.785916 0.839583 0.044444 0.043750
0 0.717470 0.219792 0.052778 0.037500
0 0.053212 0.661458 0.054167 0.039583
0 0.296962 0.183854 0.069444 0.032292
0 0.877517 0.717708 0.050000 0.047917
0 0.479601 0.418229 0.065278 0.038542
0 0.826129 0.023958 0.077778 0.033333
0 0.927517 0.044271 0.052778 0.051042
0 0.837240 0.129687 0.066667 0.042708
0 0.261545 0.691146 0.062500 0.046875
0 0.068490 0.755729 0.048611 0.061458
0 0.189280 0.050521 0.086111 0.036458
0 0.533073 0.596354 0.047222 0.071875
0 0.599219 0.536458 0.066667 0.054167
0 0.511545 0.210937 0.076389 0.055208
1 0.699045 0.406771 0.151389 0.151042
1 0.920703 0.250000 0.158594 0.256250
1 0.808767 0.637500 0.223611 0.191667
1 0.528906 0.111979 0.269444 0.163542
0 0.592168 0.909346 0.076737 0.056656
0 0.653385 0.237894 0.058246 0.042821
1 0.958636 0.836034 0.082729 0.136929
