0 0.277604 0.587760 0.023958 0.030555
0 0.290104 0.619010 0.023958 0.037500
0 0.782812 0.457899 0.023958 0.043056
0 0.145312 0.962066 0.030208 0.034722
0 0.486458 0.502344 0.033333 0.031944
0 0.427083 0.550260 0.035417 0.030556
0 0.386458 0.898872 0.035417 0.033333
0 0.446875 0.578733 0.035417 0.034722
0 0.641667 0.466927 0.027083 0.047222
0 0.423958 0.923177 0.037500 0.034722
0 0.841667 0.514149 0.031250 0.041667
0 0.400000 0.871094 0.041667 0.033333
0 0.258854 0.351649 0.032292 0.044444
0 0.531250 0.130121 0.037500 0.043056
0 0.354167 0.234918 0.035417 0.047222
0 0.058854 0.048872 0.038542 0.044444
0 0.662500 0.228038 0.039583 0.044444
0 0.478125 0.367622 0.041667 0.043056
0 0.081250 0.156510 0.037500 0.048611
0 0.313021 0.927387 0.044792 0.041667
0 0.026562 0.326280 0.036458 0.070833
0 0.768229 0.549566 0.046875 0.056945
0 0.857292 0.889149 0.056250 0.052778
0 0.236979 0.615538 0.040625 0.077778
0 0.750521 0.734288 0.061458 0.062500
0 0.882812 0.826476 0.057292 0.068056
0 0.886458 0.188672 0.058333 0.069444
1 0.185937 0.225955 0.128125 0.145833
1 0.901563 0.536372 0.196875 0.188889
1 0.457292 0.272483 0.175000 0.338889
1 0.313021 0.735677 0.230208 0.301389
1 0.869792 0.198047 0.260417 0.396094
0 0.803102 0.211110 0.041637 0.057176
0 0.021733 0.183939 0.041176 0.055341
