0 0.426563 0.765712 0.032292 0.054167
0 0.435417 0.637934 0.043750 0.059722
0 0.368229 0.566406 0.053125 0.069444
0 0.056250 0.226128 0.037500 0.055556
0 0.209896 0.092795 0.051042 0.063889
0 0.681771 0.132378 0.032292 0.079167
0 0.788542 0.317795 0.045833 0.080556
0 0.480208 0.217101 0.041667 0.068056
0 0.061979 0.792795 0.059375 0.044444
0 0.305729 0.923351 0.028125 0.075000
0 0.191667 0.867795 0.062500 0.058333
0 0.954167 0.794358 0.035417 0.051389
0 0.909896 0.590495 0.044792 0.052778
0 0.840625 0.556055 0.035417 0.048611
0 0.666667 0.527886 0.047917 0.059722
0 0.788021 0.903168 0.038542 0.066667
0 0.635938 0.794184 0.042708 0.066667
0 0.289583 0.580295 0.052083 0.072222
0 0.097917 0.332378 0.043750 0.065278
1 0.384375 0.248351 0.175000 0.183333
1 0.229687 0.460156 0.196875 0.184722
1 0.947917 0.915842 0.104167 0.168316
1 0.796354 0.808767 0.123958 0.137500
1 0.532812 0.736545 0.088542 0.237500
