0 0.447396 0.592101 0.017708 0.034722
0 0.785938 0.093663 0.023958 0.038889
0 0.468750 0.394184 0.022917 0.041667
0 0.352083 0.715017 0.029167 0.036111
0 0.924794 0.605961 0.028136 0.038088
0 0.635938 0.552517 0.026042 0.041667
0 0.924975 0.242263 0.028428 0.038561
0 0.598958 0.528906 0.031250 0.036111
0 0.456250 0.162305 0.025000 0.050000
0 0.677604 0.440017 0.040625 0.033333
0 0.845313 0.027517 0.038542 0.036111
0 0.361979 0.751823 0.038542 0.037500
0 0.922396 0.319878 0.032292 0.045833
0 0.398438 0.704601 0.026042 0.056944
0 0.782869 0.120783 0.034962 0.042854
0 0.736458 0.315495 0.035417 0.044444
0 0.447917 0.216775 0.035417 0.045833
0 0.986979 0.910851 0.026042 0.063889
0 0.298438 0.765712 0.040625 0.043056
0 0.376563 0.799045 0.038542 0.045833
0 0.732813 0.218490 0.036458 0.048611
0 0.576862 0.263098 0.038000 0.050089
0 0.823958 0.045573 0.041667 0.047222
0 0.705729 0.961545 0.042708 0.048611
0 0.790104 0.218490 0.038542 0.054167
0 0.930208 0.882379 0.035417 0.059722
0 0.063542 0.917795 0.043750 0.050000
0 0.307812 0.510113 0.053125 0.047222
0 0.343229 0.792101 0.046875 0.054167
0 0.836979 0.490712 0.051042 0.059722
1 0.966213 0.514375 0.067574 0.173273
1 0.071000 0.469250 0.085000 0.145333
1 0.094568 0.327886 0.104268 0.120668
1 0.668547 0.586809 0.102806 0.130112
1 0.195152 0.517100 0.115795 0.121538
1 0.872388 0.955915 0.161689 0.087971
1 0.075553 0.951599 0.151105 0.096655
1 0.372135 0.956362 0.175144 0.087105
1 0.077500 0.107250 0.116000 0.176000
1 0.045753 0.760512 0.091506 0.249802
1 0.433026 0.818422 0.141153 0.206878
1 0.144500 0.662583 0.172000 0.182667
1 0.950477 0.321128 0.099046 0.320859
1 0.594000 0.753250 0.173000 0.201333
1 0.242000 0.151917 0.185000 0.241333
1 0.827500 0.529917 0.184000 0.245333
1 0.794010 0.780363 0.206929 0.238630
1 0.580853 0.906402 0.305909 0.187196
1 0.184070 0.872543 0.246822 0.254099
