0 0.048577 0.872179 0.022727 0.032828
0 0.804732 0.312204 0.021780 0.049242
0 0.783425 0.285058 0.030303 0.042929
0 0.949145 0.100714 0.028409 0.047980
0 0.612497 0.699830 0.036932 0.041667
0 0.054732 0.829250 0.033144 0.047980
0 0.848766 0.517381 0.037879 0.042929
0 0.917421 0.189729 0.042614 0.041667
0 0.917421 0.422684 0.029356 0.063131
0 0.271588 0.697936 0.052083 0.040404
0 0.412686 0.712457 0.052083 0.044192
0 0.907478 0.038214 0.043561 0.056818
0 0.369126 0.777482 0.052083 0.047980
0 0.483930 0.455472 0.056488 0.073247
1 0.931955 0.779276 0.105710 0.132733
1 0.203894 0.559792 0.120551 0.152137
1 0.950424 0.647872 0.097683 0.190724
1 0.066098 0.521053 0.126493 0.181487
1 0.618435 0.274037 0.142979 0.170019
1 0.750443 0.078142 0.163095 0.156285
1 0.072851 0.143374 0.143096 0.255894
1 0.223100 0.121836 0.200204 0.238480
1 0.685149 0.495109 0.213454 0.278357
1 0.439206 0.162915 0.261473 0.316554
1 0.474853 0.792622 0.346947 0.414757
0 0.255246 0.858695 0.054741 0.067543
