0 0.161980 0.558586 0.048369 0.044994
0 0.289089 0.778309 0.048369 0.052493
0 0.356018 0.159636 0.047244 0.053993
0 0.830709 0.836802 0.049494 0.052493
0 0.302587 0.185133 0.048369 0.056993
0 0.354893 0.909543 0.044994 0.062992
0 0.800337 0.929790 0.053993 0.064492
0 0.723285 0.944788 0.061867 0.058493
0 0.152418 0.483596 0.062992 0.065992
0 0.109674 0.955287 0.071991 0.058493
0 0.061867 0.469348 0.066367 0.067492
0 0.844207 0.318616 0.071991 0.065992
0 0.841395 0.226378 0.084364 0.076490
0 0.514623 0.078646 0.078740 0.098988
0 0.087177 0.055821 0.080990 0.111642
0 0.490439 0.796307 0.091114 0.100487
0 0.507874 0.574334 0.078740 0.121485
0 0.322835 0.627578 0.091114 0.104987
0 0.146232 0.737814 0.106862 0.100487
1 0.422947 0.413855 0.066367 0.166479
0 0.285127 0.774360 0.092578 0.119024
0 0.358283 0.921267 0.091355 0.122102
