0 0.915104 0.298351 0.028125 0.036111
0 0.667708 0.333073 0.031250 0.047222
0 0.638021 0.108941 0.028125 0.052778
0 0.913542 0.538628 0.033333 0.050000
0 0.260937 0.724110 0.038542 0.045833
0 0.442187 0.198351 0.034375 0.052778
0 0.883854 0.599045 0.036458 0.054167
0 0.442708 0.262240 0.043750 0.047222
0 0.597917 0.116884 0.045833 0.052778
0 0.779687 0.280990 0.042708 0.056944
0 0.400521 0.326128 0.044792 0.061111
0 0.569271 0.387240 0.051042 0.061111
0 0.215104 0.342795 0.069792 0.052778
0 0.942187 0.835851 0.057292 0.075000
1 0.469271 0.555252 0.098958 0.079167
1 0.033854 0.909462 0.067708 0.127778
1 0.257292 0.246267 0.102083 0.106944
1 0.084375 0.647656 0.097917 0.154167
1 0.317708 0.819553 0.141667 0.265278
1 0.743750 0.772656 0.185417 0.212500
0 0.915463 0.299449 0.052560 0.067965
0 0.035692 0.387130 0.058108 0.077823
0 0.699732 0.197353 0.062593 0.081247
0 0.509929 0.967638 0.045637 0.059565
