0 0.595573 0.648958 0.027778 0.027083
0 0.867101 0.759896 0.029167 0.028125
0 0.675434 0.726042 0.043055 0.029167
0 0.892795 0.094271 0.041667 0.034375
0 0.168490 0.354167 0.051389 0.029167
0 0.211545 0.481771 0.056944 0.028125
0 0.685851 0.097396 0.050000 0.034375
0 0.151823 0.289583 0.059722 0.047917
0 0.042795 0.947396 0.066667 0.044792
0 0.214323 0.083333 0.065278 0.047917
0 0.672656 0.021354 0.090278 0.042708
0 0.171962 0.653125 0.066667 0.064583
1 0.458724 0.182292 0.144445 0.066667
1 0.349219 0.853646 0.130556 0.094792
1 0.549740 0.343229 0.147222 0.117708
1 0.545638 0.902083 0.150000 0.120833
1 0.774740 0.346875 0.180555 0.108333
1 0.364800 0.953646 0.240278 0.092708
1 0.789323 0.108854 0.137500 0.205208
1 0.421636 0.482813 0.216667 0.148958
0 0.836332 0.741139 0.042654 0.031387
0 0.715130 0.837350 0.046749 0.035202
0 0.793589 0.703833 0.041347 0.032876
