1 0.585597 0.705481 0.107934 0.162655
1 0.168548 0.677527 0.157180 0.183474
1 0.872086 0.827148 0.115804 0.159024
1 0.921747 0.546282 0.116463 0.129639
1 0.743914 0.224824 0.255574 0.304819
1 0.929926 0.122559 0.122602 0.146124
1 0.478648 0.418550 0.197949 0.230264
1 0.079662 0.137437 0.156010 0.168484
1 0.375109 0.792140 0.098395 0.146002
1 0.168260 0.138614 0.135766 0.156637
1 0.948559 0.312442 0.102881 0.142294
1 0.828244 0.618643 0.105403 0.142379
1 0.094380 0.922205 0.089933 0.133526
1 0.048250 0.171573 0.096036 0.132184
1 0.273973 0.865185 0.136532 0.189619
1 0.896760 0.100461 0.202348 0.199619
1 0.099517 0.474628 0.119540 0.163388
0 0.433955 0.967060 0.074781 0.065880
0 0.300198 0.583464 0.066358 0.087646
0 0.767711 0.774917 0.039773 0.054293
0 0.648393 0.879715 0.045455 0.059343
0 0.474151 0.836786 0.037879 0.041667
0 0.808904 0.865195 0.029356 0.040404
0 0.707579 0.696634 0.042614 0.059343
0 0.726992 0.598149 0.035985 0.059343
0 0.700476 0.433377 0.053030 0.055555
0 0.632295 0.262922 0.034091 0.035354
0 0.734094 0.118352 0.038826 0.041667
0 0.429643 0.026811 0.034091 0.035354
0 0.406916 0.038806 0.028409 0.039141
0 0.302276 0.394867 0.038826 0.046717
0 0.078791 0.815321 0.038826 0.041667
0 0.538071 0.687796 0.023674 0.036616
0 0.246404 0.254715 0.025568 0.034091
