0 0.031250 0.802517 0.020833 0.038889
0 0.032292 0.106684 0.025000 0.033333
0 0.886458 0.083767 0.022917 0.037500
0 0.535417 0.315017 0.029167 0.033333
0 0.726042 0.820573 0.025000 0.038889
0 0.592187 0.870247 0.030208 0.036111
0 0.898958 0.610156 0.027083 0.043056
0 0.120313 0.244878 0.034375 0.034722
0 0.966667 0.777517 0.033333 0.036111
0 0.863542 0.667860 0.031250 0.038889
0 0.654167 0.663628 0.029167 0.041667
0 0.080729 0.654601 0.023958 0.054167
0 0.808854 0.890885 0.034375 0.038889
0 0.520312 0.962196 0.063542 0.031944
1 0.250000 0.122439 0.135417 0.200000
1 0.467187 0.715017 0.253125 0.433333
1 0.152112 0.882213 0.220545 0.235407
1 0.535523 0.579096 0.146674 0.180743
0 0.170969 0.461344 0.059523 0.091759
0 0.834751 0.682084 0.032130 0.042697
0 0.683899 0.879787 0.043112 0.056649
