0 0.127821 0.048577 0.032828 0.022727
0 0.687796 0.804732 0.049242 0.021780
0 0.714942 0.783425 0.042929 0.030303
0 0.899286 0.949145 0.047980 0.028409
0 0.300170 0.612497 0.041667 0.036932
0 0.170750 0.054732 0.047980 0.033144
0 0.482619 0.848766 0.042929 0.037879
0 0.810271 0.917421 0.041667 0.042614
0 0.577316 0.917421 0.063131 0.029356
0 0.302064 0.271588 0.040404 0.052083
0 0.287543 0.412686 0.044192 0.052083
0 0.961786 0.907478 0.056818 0.043561
0 0.222518 0.369126 0.047980 0.052083
0 0.544528 0.483930 0.073247 0.056488
1 0.220724 0.931955 0.132733 0.105710
1 0.440208 0.203894 0.152137 0.120551
1 0.352128 0.950424 0.190724 0.097683
1 0.478947 0.066098 0.181487 0.126493
1 0.725963 0.618435 0.170019 0.142979
1 0.921858 0.750443 0.156285 0.163095
1 0.856626 0.072851 0.255894 0.143096
1 0.878164 0.223100 0.238480 0.200204
1 0.504891 0.685149 0.278357 0.213454
1 0.837085 0.439206 0.316554 0.261473
1 0.207378 0.474853 0.414757 0.346947
0 0.142115 0.256518 0.073293 0.056083
