0 0.241233 0.251042 0.043056 0.029167
0 0.635721 0.858333 0.069444 0.018750
0 0.846788 0.837500 0.059722 0.031250
0 0.094705 0.075000 0.047222 0.039583
0 0.968316 0.868229 0.058333 0.038542
1 0.346419 0.982292 0.072222 0.035417
0 0.471788 0.925521 0.070833 0.036458
0 0.041233 0.045833 0.056944 0.045833
1 0.681510 0.396354 0.059722 0.048958
1 0.585677 0.419792 0.095833 0.056250
1 0.763455 0.292708 0.106944 0.052083
1 0.203038 0.344792 0.116667 0.077083
1 0.113390 0.927083 0.129167 0.070833
1 0.033225 0.794792 0.066450 0.139583
1 0.809288 0.957292 0.109722 0.085417
1 0.519010 0.287500 0.104167 0.093750
1 0.215538 0.092708 0.105556 0.093750
1 0.550260 0.520833 0.111111 0.102083
1 0.948741 0.371875 0.102517 0.120833
1 0.943880 0.538542 0.112240 0.181250
1 0.721788 0.048438 0.248611 0.096875
1 0.139974 0.526042 0.279948 0.112500
0 0.194715 0.430346 0.054221 0.041576
0 0.514235 0.250273 0.046594 0.034253
