0 0.789182 0.014105 0.033692 0.028110
0 0.131564 0.556901 0.028639 0.036782
0 0.506413 0.031987 0.031491 0.041139
0 0.171460 0.386803 0.031805 0.042166
0 0.419756 0.979993 0.033759 0.040014
0 0.047426 0.448026 0.031613 0.043964
0 0.092658 0.363635 0.032523 0.043988
0 0.088569 0.590074 0.032775 0.044191
0 0.367945 0.147996 0.031986 0.045371
0 0.762205 0.140808 0.032594 0.045550
0 0.261314 0.153810 0.033499 0.045380
0 0.224490 0.500548 0.034235 0.046922
0 0.708651 0.486433 0.034951 0.046670
0 0.977588 0.703019 0.034783 0.047016
0 0.684916 0.484195 0.034163 0.048006
0 0.725651 0.249037 0.034774 0.047620
0 0.113227 0.410905 0.034411 0.048394
0 0.772604 0.884451 0.035805 0.046586
0 0.163892 0.487190 0.036308 0.046648
0 0.971601 0.970612 0.035564 0.047807
0 0.453753 0.256390 0.035264 0.048348
0 0.523367 0.813146 0.036065 0.048118
0 0.475027 0.394775 0.036251 0.049421
0 0.841647 0.185044 0.037218 0.048698
0 0.144387 0.018308 0.050204 0.036154
0 0.360188 0.473418 0.037251 0.048944
0 0.952032 0.070303 0.037763 0.049602
0 0.113116 0.083250 0.038238 0.049617
0 0.541996 0.072491 0.038098 0.050703
0 0.268310 0.449778 0.038472 0.050665
0 0.696936 0.842663 0.038709 0.051362
0 0.937409 0.277512 0.037017 0.053807
0 0.787662 0.595241 0.038373 0.051966
0 0.627660 0.369658 0.039407 0.051881
0 0.313385 0.030457 0.039927 0.051533
0 0.623803 0.909577 0.038696 0.054331
0 0.332297 0.820510 0.039637 0.053627
0 0.173573 0.075705 0.039717 0.053631
0 0.544118 0.726560 0.040062 0.054956
0 0.678886 0.973282 0.042867 0.053136
0 0.840438 0.099476 0.041439 0.055190
0 0.166810 0.242630 0.040052 0.057422
0 0.917989 0.103038 0.041179 0.055972
0 0.430379 0.276782 0.042121 0.060163
0 0.675276 0.192946 0.044042 0.059912
0 0.717241 0.343206 0.044356 0.059929
0 0.109422 0.476620 0.042700 0.063054
0 0.970229 0.191557 0.047084 0.061428
0 0.583639 0.725751 0.047455 0.065333
0 0.201581 0.093461 0.054503 0.075483
1 0.774000 0.776833 0.065000 0.089333
1 0.353000 0.208167 0.063000 0.101333
1 0.547560 0.202209 0.113584 0.163507
1 0.114500 0.510167 0.160000 0.233333
0 0.773613 0.160743 0.039483 0.053021
0 0.750157 0.422025 0.034379 0.045099
0 0.072237 0.581074 0.035100 0.044191
0 0.315242 0.164165 0.026639 0.036495
0 0.700248 0.013375 0.042100 0.026750
0 0.815673 0.018964 0.046807 0.037731
0 0.625420 0.632886 0.040703 0.050745
