0 0.184940 0.218099 0.032197 0.036616
0 0.656058 0.790069 0.038826 0.039141
0 0.163633 0.349412 0.040720 0.046717
0 0.414580 0.120245 0.046402 0.045455
0 0.577933 0.682114 0.041667 0.055556
0 0.336455 0.922013 0.047349 0.055556
0 0.056300 0.791538 0.042875 0.061765
0 0.041001 0.371508 0.053030 0.053030
1 0.763467 0.952262 0.094225 0.095476
1 0.587493 0.048602 0.139650 0.097205
1 0.044720 0.076437 0.089441 0.152874
1 0.657004 0.456876 0.101363 0.141089
1 0.949857 0.073961 0.099472 0.147923
1 0.177137 0.608246 0.099950 0.149580
1 0.277249 0.484670 0.103203 0.145233
1 0.281426 0.164366 0.106573 0.141858
1 0.948591 0.696186 0.101020 0.169244
1 0.616388 0.218760 0.117662 0.145676
1 0.783283 0.389391 0.131567 0.137166
1 0.733743 0.833149 0.128028 0.151534
1 0.372508 0.365612 0.120366 0.178788
1 0.932112 0.856958 0.135777 0.161507
1 0.366113 0.779282 0.141781 0.155562
1 0.794543 0.512529 0.140810 0.157228
1 0.286791 0.634101 0.127195 0.175200
1 0.889722 0.557883 0.149080 0.167427
1 0.055968 0.935387 0.109064 0.129226
0 0.920010 0.054797 0.037236 0.049273
