1 0.379362 0.811447 0.263072 0.377105
0 0.635747 0.666216 0.030768 0.042831
0 0.762616 0.615649 0.030040 0.038779
0 0.260158 0.685671 0.029746 0.040665
0 0.438075 0.648902 0.029664 0.040468
0 0.471191 0.877857 0.030679 0.041520
0 0.779093 0.787252 0.029313 0.040358
1 0.803279 0.455615 0.295260 0.405506
0 0.611330 0.578684 0.029595 0.039293
0 0.535959 0.797057 0.028340 0.038367
0 0.297986 0.819439 0.031419 0.042139
0 0.105369 0.638488 0.026503 0.037727
0 0.665043 0.437940 0.030368 0.040417
0 0.189143 0.773581 0.030883 0.039849
0 0.866050 0.339154 0.030515 0.039825
0 0.898198 0.343066 0.027626 0.038389
0 0.722298 0.357904 0.029986 0.041058
0 0.193667 0.506385 0.025793 0.037737
0 0.644647 0.876917 0.029039 0.040572
0 0.854156 0.516906 0.028701 0.039115
1 0.545359 0.418956 0.166309 0.244187
0 0.611109 0.383199 0.032371 0.043604
0 0.094589 0.741064 0.025833 0.035926
0 0.526006 0.945570 0.027261 0.036300
0 0.713911 0.834025 0.026371 0.035566
0 0.546462 0.190947 0.029506 0.040312
0 0.698463 0.506650 0.038694 0.051779
0 0.245129 0.752074 0.031706 0.043062
0 0.938305 0.423870 0.028478 0.039002
0 0.962056 0.350740 0.027005 0.036782
0 0.351401 0.589804 0.035767 0.046687
1 0.744732 0.077623 0.170589 0.155246
0 0.450535 0.284156 0.030614 0.041919
1 0.922719 0.216520 0.154563 0.304979
0 0.868493 0.292093 0.029325 0.040111
0 0.167526 0.860167 0.029551 0.038584
0 0.860246 0.169268 0.029628 0.041626
0 0.391840 0.309513 0.028913 0.039993
0 0.719592 0.913951 0.028059 0.038320
0 0.327018 0.910749 0.034531 0.046840
0 0.022675 0.961476 0.022894 0.031606
0 0.516585 0.726448 0.030958 0.046561
0 0.201808 0.743411 0.028215 0.041068
0 0.215106 0.432786 0.029966 0.041448
0 0.141390 0.864942 0.025333 0.033046
0 0.222951 0.522047 0.028783 0.040323
0 0.970656 0.441218 0.031200 0.040974
0 0.313046 0.851305 0.036625 0.051666
0 0.283423 0.704430 0.030377 0.043477
0 0.555953 0.556940 0.039045 0.053756
0 0.319666 0.488024 0.029665 0.039092
0 0.154083 0.398247 0.025032 0.034466
0 0.385459 0.275741 0.028404 0.038072
0 0.691360 0.218430 0.031254 0.042809
0 0.175629 0.380063 0.027956 0.040416
0 0.114048 0.969560 0.031021 0.041179
0 0.442298 0.196685 0.032770 0.043042
0 0.160243 0.798357 0.030772 0.041672
0 0.013803 0.101839 0.024166 0.032729
0 0.987939 0.579341 0.024121 0.042628
0 0.011593 0.498544 0.023186 0.034286
0 0.393173 0.474261 0.041781 0.055137
0 0.594132 0.759177 0.027302 0.038489
0 0.065874 0.712221 0.029638 0.038924
0 0.647911 0.376765 0.032189 0.047861
0 0.647218 0.042286 0.027113 0.036247
0 0.017661 0.574374 0.027707 0.037407
0 0.815194 0.026243 0.034968 0.045652
0 0.503410 0.868548 0.039062 0.052560
0 0.121999 0.713175 0.023610 0.032203
0 0.492681 0.983628 0.025252 0.030194
0 0.710854 0.345730 0.020843 0.030294
0 0.721159 0.867666 0.032284 0.044764
0 0.333150 0.988939 0.030469 0.022123
0 0.630910 0.973090 0.035092 0.052726
0 0.979424 0.692982 0.025328 0.034792
0 0.622844 0.426616 0.025417 0.034271
0 0.622657 0.520883 0.025720 0.033131
0 0.391394 0.168078 0.034332 0.048123
0 0.777869 0.333193 0.029914 0.039620
1 0.911485 0.624392 0.172142 0.227067
0 0.443624 0.672441 0.024130 0.031249
0 0.834699 0.135700 0.026613 0.035456
1 0.329500 0.241917 0.130000 0.424000
1 0.534000 0.621250 0.149000 0.188000
