0 0.384375 0.421788 0.022917 0.026389
0 0.326042 0.207205 0.027083 0.033333
0 0.812500 0.646094 0.033333 0.027778
0 0.829688 0.857205 0.036458 0.027778
0 0.322396 0.557899 0.036458 0.029167
0 0.579167 0.875087 0.035417 0.034722
0 0.192708 0.718316 0.039583 0.033333
0 0.133333 0.971788 0.033333 0.043056
0 0.713542 0.653038 0.037500 0.038889
0 0.318229 0.434288 0.046875 0.031944
0 0.157292 0.904644 0.041667 0.037500
0 0.156771 0.131510 0.042708 0.037500
0 0.228646 0.303038 0.038542 0.047222
0 0.277083 0.077279 0.043750 0.045833
0 0.522917 0.965538 0.064583 0.055556
0 0.660937 0.939149 0.059375 0.061111
0 0.371354 0.525955 0.061458 0.068056
1 0.951562 0.630816 0.096875 0.136111
1 0.092708 0.380122 0.129167 0.151389
1 0.305208 0.811372 0.102083 0.202778
1 0.948438 0.180122 0.103125 0.209722
1 0.050521 0.633594 0.101042 0.225000
1 0.831250 0.303038 0.114583 0.202778
1 0.498437 0.373221 0.146875 0.177778
1 0.554167 0.701975 0.227083 0.275000
1 0.770888 0.940151 0.148341 0.119212
0 0.033067 0.965728 0.044967 0.062302
0 0.189459 0.147007 0.039042 0.051605
0 0.359436 0.145078 0.038279 0.049433
0 0.929745 0.403019 0.053769 0.075123
0 0.624180 0.017827 0.041134 0.035184
0 0.292707 0.946517 0.035387 0.046137
