0 0.235417 0.176128 0.029167 0.036111
0 0.277083 0.385156 0.027083 0.054167
0 0.228125 0.222656 0.037500 0.043056
0 0.263021 0.136545 0.030208 0.054167
0 0.618750 0.101888 0.029167 0.056944
0 0.044792 0.746918 0.025000 0.068056
0 0.590104 0.135525 0.032292 0.061111
0 0.329167 0.443490 0.043750 0.048611
0 0.534896 0.415017 0.046875 0.047222
0 0.046875 0.176823 0.041667 0.059722
0 0.253125 0.683073 0.045833 0.055556
0 0.342188 0.666406 0.044792 0.058333
0 0.634375 0.914323 0.047917 0.059722
0 0.477083 0.628212 0.052083 0.059722
0 0.519271 0.371267 0.076042 0.043056
0 0.384896 0.299740 0.046875 0.072222
0 0.680208 0.102300 0.037500 0.090278
0 0.976042 0.513108 0.047917 0.080556
0 0.299479 0.792101 0.057292 0.076389
0 0.494271 0.318490 0.063542 0.070833
0 0.578125 0.549045 0.058333 0.081944
0 0.259375 0.433767 0.052083 0.098611
1 0.147396 0.337934 0.107292 0.154167
1 0.902083 0.823351 0.183333 0.188889
1 0.167708 0.897092 0.193750 0.205816
1 0.870833 0.300434 0.193750 0.226389
0 0.453817 0.527233 0.040635 0.051578
