0 0.298351 0.915104 0.036111 0.028125
0 0.333073 0.667708 0.047222 0.031250
0 0.108941 0.638021 0.052778 0.028125
0 0.538628 0.913542 0.050000 0.033333
0 0.724110 0.260937 0.045833 0.038542
0 0.198351 0.442187 0.052778 0.034375
0 0.599045 0.883854 0.054167 0.036458
0 0.262240 0.442708 0.047222 0.043750
0 0.116884 0.597917 0.052778 0.045833
0 0.280990 0.779687 0.056944 0.042708
0 0.326128 0.400521 0.061111 0.044792
0 0.387240 0.569271 0.061111 0.051042
0 0.342795 0.215104 0.052778 0.069792
0 0.835851 0.942187 0.075000 0.057292
1 0.555252 0.469271 0.079167 0.098958
1 0.909462 0.033854 0.127778 0.067708
1 0.246267 0.257292 0.106944 0.102083
1 0.647656 0.084375 0.154167 0.097917
1 0.819553 0.317708 0.265278 0.141667
1 0.772656 0.743750 0.212500 0.185417
0 0.297958 0.916389 0.067695 0.051627
0 0.193965 0.699789 0.079584 0.060832
0 0.384152 0.037488 0.082243 0.060406
0 0.966147 0.510014 0.048284 0.038653
