0 0.814586 0.223820 0.031250 0.031566
0 0.359567 0.911320 0.028409 0.035354
0 0.940060 0.628492 0.028409 0.037879
0 0.454738 0.144906 0.025568 0.050505
0 0.260609 0.684679 0.038826 0.034091
0 0.457579 0.768012 0.038826 0.039141
0 0.513923 0.333669 0.028409 0.054293
0 0.976992 0.776219 0.034091 0.047980
0 0.122351 0.494654 0.035038 0.047980
0 0.260609 0.070411 0.040720 0.045455
0 0.382295 0.781270 0.051136 0.047980
1 0.379575 0.050375 0.123425 0.100750
1 0.880469 0.774999 0.099506 0.134645
1 0.286547 0.783539 0.109766 0.132906
1 0.951302 0.584232 0.097396 0.163565
1 0.546247 0.063415 0.126981 0.126831
1 0.516284 0.941180 0.145993 0.117546
1 0.118327 0.325197 0.110364 0.181309
1 0.172693 0.924698 0.133111 0.150604
1 0.374809 0.926455 0.153381 0.147091
1 0.420825 0.450623 0.129446 0.176220
1 0.708122 0.151816 0.129832 0.175855
1 0.070624 0.091155 0.135907 0.182310
1 0.133664 0.744743 0.146885 0.180938
1 0.899651 0.287279 0.198790 0.294785
1 0.598831 0.670250 0.248670 0.352323
0 0.329575 0.931773 0.042525 0.061004
1 0.621547 0.875552 0.156589 0.210745
0 0.142100 0.609667 0.056169 0.068995
