0 0.740104 0.476129 0.026042 0.030556
0 0.541146 0.139323 0.019792 0.043055
0 0.701042 0.392101 0.027083 0.034722
0 0.652083 0.446267 0.027083 0.045833
0 0.069792 0.633029 0.031250 0.040278
0 0.420312 0.805360 0.026042 0.050000
0 0.773437 0.512240 0.032292 0.041667
0 0.804167 0.538629 0.029167 0.047222
0 0.678646 0.582856 0.034375 0.048611
0 0.079687 0.237609 0.026042 0.068056
0 0.828646 0.103212 0.042708 0.043056
0 0.277604 0.457379 0.038542 0.048611
0 0.682292 0.044358 0.033333 0.059722
0 0.353646 0.052517 0.042708 0.050000
0 0.781771 0.127517 0.044792 0.052778
0 0.490104 0.405295 0.044792 0.058333
0 0.826562 0.690712 0.051042 0.079167
1 0.174479 0.074045 0.115625 0.109722
1 0.934375 0.901823 0.131250 0.193055
1 0.220833 0.765017 0.139583 0.222222
1 0.170833 0.294878 0.160417 0.298611
1 0.893750 0.310851 0.200000 0.244444
1 0.528125 0.737934 0.264583 0.356944
0 0.798701 0.749732 0.046289 0.068358
