0 0.163021 0.667622 0.040625 0.073611
0 0.289063 0.812760 0.061458 0.072222
0 0.974479 0.116927 0.048958 0.108333
0 0.115625 0.948177 0.075000 0.070833
0 0.924479 0.041102 0.065625 0.082205
0 0.137500 0.806510 0.066667 0.081944
0 0.145833 0.245399 0.072917 0.084722
1 0.313542 0.324566 0.145833 0.106945
1 0.239583 0.578038 0.133333 0.127778
0 0.129167 0.090408 0.195833 0.180816
1 0.652083 0.744010 0.325000 0.504167
0 0.744915 0.689605 0.041532 0.057406
0 0.510807 0.532268 0.064653 0.084122
0 0.386923 0.023107 0.042572 0.045383
