0 0.742188 0.694010 0.034375 0.020833
0 0.159896 0.534809 0.019792 0.037500
0 0.779687 0.687066 0.023958 0.031945
0 0.145833 0.507422 0.022917 0.037500
0 0.722396 0.718316 0.028125 0.030556
0 0.806771 0.705122 0.030208 0.031944
0 0.469271 0.500955 0.026042 0.040278
0 0.083854 0.200955 0.034375 0.031944
0 0.196354 0.520399 0.021875 0.054167
0 0.520312 0.575955 0.032292 0.043056
0 0.574479 0.402387 0.028125 0.052778
0 0.680208 0.314149 0.041667 0.036111
0 0.341667 0.391233 0.037500 0.043055
0 0.481250 0.650955 0.035417 0.045833
0 0.687500 0.349566 0.041667 0.040278
0 0.958854 0.690538 0.044792 0.038889
0 0.700000 0.232899 0.056250 0.034722
0 0.572917 0.200195 0.043750 0.047222
0 0.906771 0.021658 0.051042 0.043316
0 0.531250 0.254058 0.066667 0.056944
1 0.330208 0.514149 0.104167 0.141667
1 0.428646 0.723177 0.128125 0.190278
1 0.224479 0.350955 0.151042 0.170833
1 0.133333 0.836372 0.177083 0.238889
1 0.919271 0.442622 0.161458 0.359722
1 0.061111 0.506236 0.121555 0.244295
0 0.708372 0.926734 0.044566 0.058082
1 0.419712 0.078202 0.171451 0.156404
0 0.157611 0.520922 0.039997 0.057370
0 0.523739 0.647748 0.047923 0.059250
1 0.153200 0.093970 0.126813 0.153920
1 0.481275 0.945026 0.120896 0.109013
1 0.302810 0.944322 0.128598 0.111356
