0 0.643490 0.755729 0.034722 0.019792
0 0.773134 0.270313 0.051389 0.030208
0 0.976129 0.095313 0.044444 0.042708
0 0.785916 0.160417 0.044444 0.043750
0 0.717470 0.780208 0.052778 0.037500
0 0.053212 0.338542 0.054167 0.039583
0 0.296962 0.816146 0.069444 0.032292
0 0.877517 0.282292 0.050000 0.047917
0 0.479601 0.581771 0.065278 0.038542
0 0.826129 0.976042 0.077778 0.033333
0 0.927517 0.955729 0.052778 0.051042
0 0.837240 0.870313 0.066667 0.042708
0 0.261545 0.308854 0.062500 0.046875
0 0.068490 0.244271 0.048611 0.061458
0 0.189280 0.949479 0.086111 0.036458
0 0.533073 0.403646 0.047222 0.071875
0 0.599219 0.463542 0.066667 0.054167
0 0.511545 0.789063 0.076389 0.055208
1 0.699045 0.593229 0.151389 0.151042
1 0.920703 0.750000 0.158594 0.256250
1 0.808767 0.362500 0.223611 0.191667
1 0.528906 0.888021 0.269444 0.163542
0 0.593217 0.092422 0.070412 0.052958
0 0.653577 0.762939 0.059689 0.043389
0 0.361910 0.137890 0.063700 0.045056
