0 0.776796 0.104463 0.045455 0.034091
0 0.036266 0.454210 0.035985 0.046717
0 0.255016 0.780599 0.043561 0.042929
0 0.768274 0.063427 0.043561 0.042929
0 0.548103 0.298276 0.025568 0.075758
0 0.967137 0.351937 0.037879 0.054293
0 0.701986 0.322897 0.037879 0.059344
0 0.662686 0.863932 0.055871 0.040404
0 0.944410 0.154336 0.039773 0.058081
0 0.799997 0.440953 0.046402 0.063131
0 0.075092 0.930220 0.047349 0.077020
0 0.446309 0.831596 0.078506 0.101413
1 0.505605 0.953846 0.108380 0.092309
1 0.467233 0.199814 0.097353 0.118260
1 0.449998 0.642877 0.100668 0.121610
1 0.620578 0.044903 0.149316 0.089806
1 0.081887 0.766247 0.111356 0.144017
1 0.390664 0.450593 0.120267 0.160878
1 0.734775 0.700195 0.113983 0.181813
1 0.415297 0.082115 0.146852 0.164229
1 0.846142 0.613739 0.128889 0.190409
1 0.276611 0.575448 0.153402 0.218437
1 0.616480 0.338178 0.196574 0.231998
1 0.261203 0.297582 0.220065 0.255862
0 0.386854 0.097442 0.048305 0.067445
0 0.411776 0.701845 0.039339 0.052868
0 0.564689 0.537901 0.040971 0.056937
