0 0.294358 0.454685 0.025060 0.033507
0 0.332358 0.217702 0.024597 0.035423
0 0.435639 0.827054 0.025410 0.037137
0 0.844366 0.707444 0.026678 0.035488
0 0.163625 0.361195 0.026040 0.037390
0 0.586590 0.305467 0.027265 0.037329
0 0.351342 0.079232 0.028059 0.036820
0 0.620671 0.391440 0.029437 0.035210
0 0.436961 0.245375 0.027849 0.037338
0 0.040596 0.206705 0.026803 0.039329
0 0.383057 0.039619 0.027421 0.040855
0 0.486365 0.267739 0.027705 0.042746
0 0.929516 0.876514 0.031801 0.038468
0 0.673274 0.508273 0.032372 0.039764
0 0.664232 0.854310 0.031203 0.042537
0 0.244196 0.952088 0.030184 0.044259
0 0.258847 0.679319 0.030184 0.044273
0 0.810240 0.914135 0.031186 0.043931
0 0.697310 0.511108 0.034187 0.040646
0 0.539287 0.179150 0.031383 0.044961
0 0.681767 0.433803 0.033884 0.042355
0 0.676371 0.729519 0.032142 0.045763
0 0.547019 0.786565 0.031567 0.047837
0 0.040875 0.933444 0.034577 0.046843
0 0.590059 0.256881 0.033702 0.049413
0 0.718508 0.306457 0.034989 0.047998
0 0.719468 0.153152 0.033925 0.049697
0 0.615416 0.411519 0.034478 0.049022
0 0.936964 0.394475 0.035634 0.051324
0 0.385905 0.488735 0.034605 0.052971
0 0.215455 0.592315 0.033961 0.054414
0 0.159584 0.915771 0.037660 0.049073
0 0.387357 0.673945 0.035377 0.054207
0 0.875244 0.351031 0.037372 0.051412
0 0.043566 0.384715 0.036564 0.053244
0 0.440268 0.474278 0.036225 0.054621
0 0.938831 0.496398 0.037491 0.053399
0 0.794419 0.518775 0.039968 0.054328
0 0.332891 0.780178 0.038178 0.059160
0 0.678218 0.148866 0.036755 0.061458
0 0.090054 0.871543 0.038469 0.060213
0 0.832141 0.539523 0.044691 0.052394
0 0.755754 0.024991 0.047403 0.049981
0 0.649184 0.344367 0.037668 0.064763
0 0.948828 0.440891 0.042906 0.061012
0 0.894345 0.248597 0.042446 0.062146
0 0.100192 0.739365 0.041958 0.063622
0 0.979136 0.207801 0.041727 0.071238
0 0.689873 0.259437 0.044244 0.070379
0 0.787332 0.252464 0.054524 0.073580
1 0.555000 0.394437 0.103000 0.126667
1 0.828000 0.151917 0.099000 0.148000
1 0.625000 0.642125 0.091000 0.172000
1 0.580500 0.212479 0.164000 0.116000
1 0.352500 0.889250 0.126000 0.153333
1 0.508500 0.906573 0.106000 0.186854
1 0.374500 0.343771 0.166000 0.182667
1 0.073768 0.289147 0.146923 0.253667
1 0.080019 0.127444 0.160037 0.248980
1 0.333981 0.576396 0.243567 0.319018
1 0.765556 0.871442 0.307342 0.256191
0 0.073323 0.972200 0.044717 0.053872
0 0.291914 0.636743 0.032967 0.045698
0 0.663668 0.453843 0.038120 0.052360
0 0.437702 0.218102 0.027995 0.040195
0 0.977200 0.570270 0.032801 0.040152
0 0.334916 0.988457 0.034289 0.023085
0 0.537846 0.962893 0.039900 0.054067
0 0.404895 0.207247 0.040006 0.049588
0 0.421089 0.722512 0.043150 0.059087
0 0.103678 0.580885 0.036191 0.051755
0 0.435417 0.559075 0.034439 0.048047
0 0.280932 0.362539 0.028148 0.041272
0 0.486014 0.793958 0.041308 0.055772
0 0.088274 0.527464 0.040518 0.058392
0 0.314890 0.430097 0.035730 0.049751
0 0.939880 0.640425 0.048718 0.069279
0 0.565677 0.259481 0.026276 0.036636
0 0.883040 0.880139 0.026202 0.034760
0 0.339955 0.839751 0.041548 0.061511
0 0.576940 0.869094 0.030291 0.049736
0 0.823145 0.291273 0.052142 0.081042
0 0.414321 0.490546 0.036236 0.047788
0 0.471722 0.237250 0.034817 0.051018
0 0.167453 0.325897 0.030789 0.043640
0 0.338261 0.105899 0.028838 0.041374
0 0.631151 0.529363 0.034451 0.048240
0 0.203045 0.767789 0.045214 0.065657
0 0.408134 0.016089 0.030431 0.032179
0 0.376096 0.985362 0.034308 0.029188
0 0.281523 0.387798 0.025865 0.038097
0 0.445355 0.918395 0.028997 0.038807
0 0.983911 0.289127 0.032178 0.063320
0 0.302478 0.756995 0.026170 0.035609
0 0.273401 0.876399 0.029078 0.039433
0 0.605134 0.931434 0.034807 0.046182
0 0.805439 0.636527 0.027452 0.037829
