0 0.580816 0.953125 0.055555 0.027083
0 0.327344 0.587500 0.054167 0.031250
0 0.021658 0.294792 0.043316 0.043750
0 0.232899 0.878646 0.054167 0.036458
0 0.753776 0.114062 0.061111 0.040625
0 0.094010 0.300000 0.056944 0.045833
0 0.590169 0.371354 0.059722 0.046875
0 0.639084 0.533854 0.063889 0.046875
0 0.597005 0.743750 0.072222 0.043750
0 0.272483 0.231250 0.066667 0.050000
0 0.891927 0.969792 0.080556 0.041667
0 0.194705 0.942708 0.077778 0.043750
0 0.432726 0.478646 0.069444 0.053125
0 0.871788 0.311458 0.065278 0.058333
0 0.846788 0.652604 0.076389 0.051042
0 0.482205 0.259896 0.091667 0.042708
0 0.494010 0.336458 0.090278 0.047917
0 0.767622 0.196875 0.079167 0.056250
1 0.577344 0.876562 0.198611 0.103125
1 0.089714 0.098437 0.179427 0.180208
1 0.430816 0.080208 0.372222 0.160417
1 0.328603 0.760590 0.224475 0.171824
0 0.241665 0.915152 0.066273 0.046851
1 0.898595 0.795930 0.177764 0.155457
1 0.767073 0.937556 0.233205 0.124354
