0 0.615625 0.578212 0.022917 0.026389
0 0.673958 0.792795 0.027083 0.033333
0 0.187500 0.353906 0.033333 0.027778
0 0.170312 0.142795 0.036458 0.027778
0 0.677604 0.442101 0.036458 0.029167
0 0.420833 0.124913 0.035417 0.034722
0 0.807292 0.281684 0.039583 0.033333
0 0.866667 0.028212 0.033333 0.043056
0 0.286458 0.346962 0.037500 0.038889
0 0.681771 0.565712 0.046875 0.031944
0 0.842708 0.095356 0.041667 0.037500
0 0.843229 0.868490 0.042708 0.037500
0 0.771354 0.696962 0.038542 0.047222
0 0.722917 0.922721 0.043750 0.045833
0 0.477083 0.034462 0.064583 0.055556
0 0.339063 0.060851 0.059375 0.061111
0 0.628646 0.474045 0.061458 0.068056
1 0.048438 0.369184 0.096875 0.136111
1 0.907292 0.619878 0.129167 0.151389
1 0.694792 0.188628 0.102083 0.202778
1 0.051562 0.819878 0.103125 0.209722
1 0.949479 0.366406 0.101042 0.225000
1 0.168750 0.696962 0.114583 0.202778
1 0.501563 0.626779 0.146875 0.177778
1 0.445833 0.298025 0.227083 0.275000
0 0.810868 0.854101 0.038045 0.050390
0 0.641182 0.855603 0.038547 0.050200
0 0.069498 0.597629 0.054005 0.075126
0 0.967627 0.035915 0.043376 0.059292
0 0.375524 0.983853 0.039596 0.032293
1 0.223293 0.067061 0.179367 0.133338
0 0.708003 0.053378 0.036536 0.045178
