0 0.379659 0.325169 0.034079 0.035499
0 0.346645 0.365637 0.025559 0.036919
0 0.886049 0.545261 0.035144 0.024139
0 0.904686 0.749024 0.025559 0.028399
0 0.821619 0.702875 0.025559 0.032659
0 0.703408 0.767483 0.025559 0.036919
0 0.538339 0.729855 0.029819 0.041179
0 0.359957 0.813632 0.026624 0.022719
0 0.500533 0.873647 0.030884 0.038339
0 0.266376 0.889238 0.029476 0.034935
0 0.282205 0.703307 0.026201 0.048035
0 0.046397 0.666576 0.024018 0.042212
0 0.039847 0.375546 0.026201 0.043668
0 0.098253 0.128821 0.022926 0.045124
0 0.378821 0.181223 0.029476 0.033479
0 0.387555 0.139010 0.027293 0.027657
0 0.425218 0.417758 0.028384 0.037846
0 0.452511 0.441776 0.032751 0.033479
0 0.382642 0.452693 0.019651 0.023290
0 0.378275 0.478166 0.013100 0.030568
0 0.565502 0.571325 0.022926 0.033479
0 0.686681 0.428675 0.025109 0.039301
0 0.081878 0.972343 0.022926 0.043668
0 0.286026 0.782387 0.020742 0.033479
0 0.219978 0.641921 0.021834 0.026201
0 0.106441 0.641921 0.017467 0.026201
0 0.112445 0.604804 0.031659 0.027657
0 0.045852 0.602620 0.025109 0.040757
0 0.058952 0.542213 0.025109 0.056769
0 0.575873 0.478166 0.024018 0.050946
0 0.808406 0.364629 0.019651 0.030568
0 0.818232 0.339156 0.026201 0.032023
0 0.959061 0.230713 0.024018 0.036390
0 0.954149 0.171761 0.018559 0.037846
0 0.914301 0.080058 0.026201 0.037846
0 0.882096 0.125182 0.031659 0.034934
0 0.588974 0.143377 0.030568 0.033479
0 0.551856 0.247453 0.021834 0.023290
0 0.342795 0.074964 0.020742 0.030568
0 0.243450 0.258370 0.029476 0.039301
0 0.219978 0.304949 0.024017 0.030568
0 0.470524 0.720524 0.027293 0.034935
0 0.594978 0.772198 0.018559 0.033479
0 0.686135 0.587336 0.028384 0.039301
0 0.641922 0.598981 0.022926 0.033479
0 0.806223 0.590975 0.028384 0.037846
0 0.915939 0.855167 0.038210 0.030568
0 0.806223 0.914847 0.034935 0.016012
0 0.711790 0.870451 0.036026 0.032023
0 0.402838 0.920670 0.031659 0.021834
0 0.207424 0.963610 0.022926 0.037846
0 0.024563 0.868996 0.037118 0.023290
0 0.197598 0.751820 0.038210 0.016012
0 0.187227 0.641921 0.030568 0.029112
0 0.195415 0.673945 0.027293 0.026201
0 0.183406 0.693595 0.027293 0.030568
0 0.413756 0.570597 0.036026 0.040757
0 0.508188 0.550218 0.039301 0.029112
0 0.449782 0.203785 0.022926 0.040757
0 0.075873 0.759098 0.028384 0.030568
0 0.419760 0.642649 0.026201 0.030568
0 0.354804 0.524018 0.025109 0.023290
0 0.084061 0.427220 0.025109 0.062591
0 0.190502 0.414119 0.024018 0.042213
0 0.216703 0.427220 0.028384 0.039301
0 0.784935 0.860262 0.022926 0.049490
0 0.810590 0.839884 0.028384 0.034934
0 0.677948 0.905386 0.025109 0.029112
0 0.591157 0.846434 0.032751 0.036390
0 0.884280 0.312227 0.033843 0.045124
0 0.663756 0.092431 0.025109 0.039301
0 0.507642 0.082242 0.038210 0.033479
0 0.260371 0.045124 0.032751 0.032023
0 0.986081 0.674672 0.027838 0.030568
0 0.970524 0.735808 0.018559 0.050946
0 0.949236 0.601892 0.030568 0.045124
0 0.247271 0.527657 0.026201 0.042213
0 0.362991 0.256186 0.019651 0.034935
0 0.724345 0.337700 0.034935 0.032023
0 0.564410 0.021106 0.018559 0.042213
0 0.020197 0.154294 0.028384 0.026201
0 0.497817 0.942504 0.031659 0.042213
0 0.806223 0.727802 0.026201 0.040757
0 0.729804 0.697234 0.019651 0.037846
0 0.874454 0.457788 0.027293 0.039301
0 0.165393 0.178312 0.021834 0.030568
0 0.414301 0.787482 0.021834 0.034934
0 0.590611 0.577147 0.018559 0.027656
0 0.544214 0.566230 0.019651 0.034934
1 0.652839 0.298399 0.269651 0.262009
1 0.211790 0.094614 0.210699 0.189229
1 0.370087 0.713974 0.134279 0.216885
1 0.888919 0.951237 0.222161 0.097525
