0 0.523871 0.259896 0.030556 0.026042
0 0.860677 0.458854 0.043055 0.019792
0 0.607899 0.298958 0.034722 0.027083
0 0.553733 0.347917 0.045833 0.027083
0 0.366971 0.930208 0.040278 0.031250
0 0.194640 0.579688 0.050000 0.026042
0 0.487760 0.226563 0.041667 0.032292
0 0.461371 0.195833 0.047222 0.029167
0 0.417144 0.321354 0.048611 0.034375
0 0.762391 0.920313 0.068056 0.026042
0 0.896788 0.171354 0.043056 0.042708
0 0.542621 0.722396 0.048611 0.038542
0 0.955642 0.317708 0.059722 0.033333
0 0.947483 0.646354 0.050000 0.042708
0 0.872483 0.218229 0.052778 0.044792
0 0.594705 0.509896 0.058333 0.044792
0 0.309288 0.173438 0.079167 0.051042
1 0.925955 0.825521 0.109722 0.115625
1 0.098177 0.065625 0.193055 0.131250
1 0.234983 0.779167 0.222222 0.139583
1 0.705122 0.829167 0.298611 0.160417
1 0.689149 0.106250 0.244444 0.200000
1 0.262066 0.471875 0.356944 0.264583
0 0.249538 0.199587 0.067814 0.050633
0 0.974027 0.112419 0.051598 0.048036
1 0.402166 0.862299 0.185800 0.130420
0 0.177173 0.153648 0.068798 0.050553
