0 0.776796 0.895537 0.045455 0.034091
0 0.036266 0.545790 0.035985 0.046717
0 0.255016 0.219401 0.043561 0.042929
0 0.768274 0.936573 0.043561 0.042929
0 0.548103 0.701724 0.025568 0.075758
0 0.967137 0.648063 0.037879 0.054293
0 0.701986 0.677103 0.037879 0.059344
0 0.662686 0.136068 0.055871 0.040404
0 0.944410 0.845664 0.039773 0.058081
0 0.799997 0.559047 0.046402 0.063131
0 0.075092 0.069780 0.047349 0.077020
0 0.446309 0.168404 0.078506 0.101413
1 0.505605 0.046154 0.108380 0.092309
1 0.467233 0.800186 0.097353 0.118260
1 0.449998 0.357123 0.100668 0.121610
1 0.620578 0.955097 0.149316 0.089806
1 0.081887 0.233753 0.111356 0.144017
1 0.390664 0.549407 0.120267 0.160878
1 0.734775 0.299805 0.113983 0.181813
1 0.415297 0.917885 0.146852 0.164229
1 0.846142 0.386261 0.128889 0.190409
1 0.276611 0.424552 0.153402 0.218437
1 0.616480 0.661822 0.196574 0.231998
1 0.261203 0.702418 0.220065 0.255862
0 0.387467 0.903467 0.049810 0.070136
1 0.684229 0.034548 0.136977 0.069096
0 0.565357 0.462582 0.040870 0.054952
0 0.412582 0.297658 0.045901 0.061404
