0 0.441414 0.161980 0.044994 0.048369
0 0.221691 0.289089 0.052493 0.048369
0 0.840364 0.356018 0.053993 0.047244
0 0.163198 0.830709 0.052493 0.049494
0 0.814867 0.302587 0.056993 0.048369
0 0.090457 0.354893 0.062992 0.044994
0 0.070210 0.800337 0.064492 0.053993
0 0.055212 0.723285 0.058493 0.061867
0 0.516404 0.152418 0.065992 0.062992
0 0.044713 0.109674 0.058493 0.071991
0 0.530652 0.061867 0.067492 0.066367
0 0.681384 0.844207 0.065992 0.071991
0 0.773622 0.841395 0.076490 0.084364
0 0.921354 0.514623 0.098988 0.078740
0 0.944179 0.087177 0.111642 0.080990
0 0.203693 0.490439 0.100487 0.091114
0 0.425666 0.507874 0.121485 0.078740
0 0.372422 0.322835 0.104987 0.091114
0 0.262186 0.146232 0.100487 0.106862
1 0.586145 0.422947 0.166479 0.066367
