0 0.014105 0.210818 0.028110 0.033692
0 0.556901 0.868436 0.036782 0.028639
0 0.031987 0.493587 0.041139 0.031491
0 0.386803 0.828540 0.042166 0.031805
0 0.979993 0.580244 0.040014 0.033759
0 0.448026 0.952574 0.043964 0.031613
0 0.363635 0.907342 0.043988 0.032523
0 0.590074 0.911431 0.044191 0.032775
0 0.147996 0.632055 0.045371 0.031986
0 0.140808 0.237795 0.045550 0.032594
0 0.153810 0.738686 0.045380 0.033499
0 0.500548 0.775510 0.046922 0.034235
0 0.486433 0.291349 0.046670 0.034951
0 0.703019 0.022412 0.047016 0.034783
0 0.484195 0.315084 0.048006 0.034163
0 0.249037 0.274349 0.047620 0.034774
0 0.410905 0.886773 0.048394 0.034411
0 0.884451 0.227396 0.046586 0.035805
0 0.487190 0.836108 0.046648 0.036308
0 0.970612 0.028399 0.047807 0.035564
0 0.256390 0.546247 0.048348 0.035264
0 0.813146 0.476633 0.048118 0.036065
0 0.394775 0.524973 0.049421 0.036251
0 0.185044 0.158353 0.048698 0.037218
0 0.018308 0.855613 0.036154 0.050204
0 0.473418 0.639812 0.048944 0.037251
0 0.070303 0.047968 0.049602 0.037763
0 0.083250 0.886884 0.049617 0.038238
0 0.072491 0.458004 0.050703 0.038098
0 0.449778 0.731690 0.050665 0.038472
0 0.842663 0.303064 0.051362 0.038709
0 0.277512 0.062591 0.053807 0.037017
0 0.595241 0.212338 0.051966 0.038373
0 0.369658 0.372340 0.051881 0.039407
0 0.030457 0.686615 0.051533 0.039927
0 0.909577 0.376197 0.054331 0.038696
0 0.820510 0.667703 0.053627 0.039637
0 0.075705 0.826427 0.053631 0.039717
0 0.726560 0.455882 0.054956 0.040062
0 0.973282 0.321114 0.053136 0.042867
0 0.099476 0.159562 0.055190 0.041439
0 0.242630 0.833190 0.057422 0.040052
0 0.103038 0.082011 0.055972 0.041179
0 0.276782 0.569621 0.060163 0.042121
0 0.192946 0.324724 0.059912 0.044042
0 0.343206 0.282759 0.059929 0.044356
0 0.476620 0.890578 0.063054 0.042700
0 0.191557 0.029771 0.061428 0.047084
0 0.725751 0.416361 0.065333 0.047455
0 0.093461 0.798419 0.075483 0.054503
1 0.776833 0.226000 0.089333 0.065000
1 0.208167 0.647000 0.101333 0.063000
1 0.202209 0.452440 0.163507 0.113584
1 0.510167 0.885500 0.233333 0.160000
0 0.160998 0.226274 0.053216 0.040429
0 0.581179 0.928538 0.043831 0.031769
0 0.421627 0.249213 0.044832 0.033636
0 0.166214 0.683973 0.036783 0.029136
0 0.632620 0.372941 0.057119 0.044988
0 0.012794 0.299659 0.025587 0.041009
