0 0.197483 0.031250 0.038889 0.020833
0 0.893316 0.032292 0.033333 0.025000
0 0.916233 0.886458 0.037500 0.022917
0 0.684983 0.535417 0.033333 0.029167
0 0.179427 0.726042 0.038889 0.025000
0 0.129753 0.592187 0.036111 0.030208
0 0.389844 0.898958 0.043056 0.027083
0 0.755122 0.120313 0.034722 0.034375
0 0.222483 0.966667 0.036111 0.033333
0 0.332140 0.863542 0.038889 0.031250
0 0.336372 0.654167 0.041667 0.029167
0 0.345399 0.080729 0.054167 0.023958
0 0.109115 0.808854 0.038889 0.034375
0 0.037804 0.520312 0.031944 0.063542
1 0.877561 0.250000 0.200000 0.135417
1 0.284983 0.467187 0.433333 0.253125
1 0.119825 0.154643 0.238318 0.228860
0 0.481523 0.844645 0.064056 0.052117
1 0.417512 0.539017 0.178786 0.144130
0 0.539660 0.172617 0.089893 0.059550
