0 0.508434 0.423942 0.034611 0.024917
0 0.086086 0.611974 0.035294 0.025114
0 0.033410 0.381903 0.036339 0.025721
0 0.171800 0.783647 0.036579 0.026093
0 0.683223 0.756033 0.037219 0.026614
0 0.068393 0.525856 0.037042 0.027080
0 0.760919 0.113391 0.036152 0.027838
0 0.251393 0.722690 0.038015 0.026762
0 0.472936 0.050226 0.038081 0.027722
0 0.185190 0.433317 0.037340 0.028442
0 0.477352 0.834604 0.039164 0.027138
0 0.808536 0.882477 0.038217 0.027860
0 0.460622 0.721335 0.038645 0.027593
0 0.312257 0.515768 0.037071 0.029025
0 0.722722 0.278759 0.037271 0.028912
0 0.727535 0.918642 0.037461 0.028883
0 0.379717 0.646901 0.037818 0.028624
0 0.757257 0.139343 0.038430 0.028436
0 0.121776 0.454599 0.039107 0.028318
0 0.233703 0.581961 0.038303 0.029191
0 0.306310 0.324442 0.039196 0.028583
0 0.220879 0.653858 0.038177 0.029374
0 0.673397 0.015289 0.037607 0.029824
0 0.423985 0.481444 0.040114 0.027991
0 0.046394 0.607812 0.038832 0.029098
0 0.919210 0.924087 0.039328 0.028904
0 0.881879 0.059618 0.038675 0.029526
0 0.596493 0.950131 0.041522 0.027736
0 0.239709 0.471499 0.039477 0.029221
0 0.116499 0.624783 0.038766 0.029800
0 0.471277 0.702936 0.038465 0.030181
0 0.604544 0.052424 0.038711 0.030324
0 0.151921 0.968962 0.040982 0.028844
0 0.263588 0.628421 0.038987 0.030604
0 0.383519 0.781708 0.039514 0.030367
0 0.060510 0.367886 0.039536 0.031042
0 0.069158 0.329524 0.041175 0.030028
0 0.633837 0.049656 0.040726 0.030394
0 0.514819 0.804719 0.042772 0.030695
0 0.554426 0.415365 0.043317 0.030871
0 0.861453 0.573704 0.040439 0.033334
0 0.278193 0.688486 0.042519 0.032017
0 0.699494 0.186901 0.042634 0.031955
0 0.171463 0.368792 0.044155 0.031104
0 0.355983 0.171083 0.046330 0.029665
0 0.446699 0.882909 0.043458 0.031792
0 0.386052 0.194906 0.042143 0.032837
0 0.735585 0.607806 0.043460 0.032009
0 0.620051 0.526148 0.042472 0.032903
0 0.658544 0.765221 0.044610 0.032339
0 0.045393 0.978435 0.043356 0.033708
0 0.371066 0.499284 0.043518 0.033611
0 0.972035 0.160588 0.046229 0.032270
0 0.521220 0.924954 0.044942 0.033998
0 0.062131 0.947907 0.045246 0.034033
0 0.679681 0.061643 0.050182 0.032126
0 0.097506 0.736117 0.042720 0.038742
0 0.869636 0.488421 0.048444 0.034416
0 0.143333 0.711598 0.044384 0.037819
0 0.254616 0.367070 0.050077 0.034922
0 0.434246 0.228914 0.045243 0.039525
0 0.918868 0.449909 0.052284 0.035075
0 0.207844 0.767475 0.047763 0.038716
0 0.532557 0.731776 0.049222 0.038165
0 0.478265 0.662682 0.050455 0.037776
0 0.230199 0.543030 0.050901 0.038800
0 0.508489 0.364475 0.051809 0.039121
0 0.281058 0.658447 0.049714 0.040896
0 0.762830 0.068269 0.054950 0.037735
1 0.181833 0.309000 0.196000 0.315000
1 0.489833 0.377000 0.297333 0.251000
0 0.485701 0.529892 0.036841 0.027366
0 0.295110 0.230387 0.043251 0.031044
0 0.289584 0.379091 0.041793 0.029859
0 0.957708 0.697923 0.052680 0.039664
0 0.343171 0.540656 0.041411 0.031618
0 0.695500 0.904956 0.048219 0.034332
0 0.414894 0.906985 0.040567 0.029838
0 0.455555 0.969137 0.048944 0.036753
0 0.436903 0.067802 0.041818 0.031770
0 0.399920 0.408815 0.046316 0.033271
0 0.870346 0.327986 0.050298 0.037747
0 0.976057 0.641770 0.047756 0.045697
0 0.484023 0.879668 0.046395 0.033924
0 0.724032 0.744318 0.042269 0.030149
0 0.775709 0.168149 0.044715 0.032578
0 0.562905 0.150910 0.049991 0.036662
0 0.939695 0.987705 0.041805 0.024347
0 0.842993 0.510183 0.049634 0.039789
0 0.226849 0.977925 0.036089 0.026046
0 0.792431 0.804494 0.033125 0.025389
0 0.220354 0.291460 0.039181 0.027968
0 0.136755 0.846078 0.034037 0.026536
0 0.297702 0.210124 0.035232 0.024792
0 0.182675 0.308115 0.045180 0.034556
0 0.327434 0.476740 0.040034 0.029948
0 0.282897 0.832061 0.046095 0.041205
0 0.987576 0.604272 0.024849 0.039625
0 0.526864 0.896054 0.038335 0.029067
0 0.240600 0.882632 0.037405 0.027080
0 0.423875 0.564846 0.033200 0.024960
0 0.948794 0.347159 0.044672 0.031703
0 0.376367 0.377723 0.047749 0.037511
0 0.944220 0.747680 0.038705 0.029019
0 0.552774 0.822385 0.038191 0.027694
