0 0.776180 0.814586 0.031566 0.031250
0 0.088680 0.359567 0.035354 0.028409
0 0.371508 0.940060 0.037879 0.028409
0 0.855094 0.454738 0.050505 0.025568
0 0.315321 0.260609 0.034091 0.038826
0 0.231988 0.457579 0.039141 0.038826
0 0.666331 0.513923 0.054293 0.028409
0 0.223781 0.976992 0.047980 0.034091
0 0.505346 0.122351 0.047980 0.035038
0 0.929589 0.260609 0.045455 0.040720
0 0.218730 0.382295 0.047980 0.051136
1 0.949625 0.379575 0.100750 0.123425
1 0.225001 0.880469 0.134645 0.099506
1 0.216461 0.286547 0.132906 0.109766
1 0.415768 0.951302 0.163565 0.097396
1 0.936585 0.546247 0.126831 0.126981
1 0.058820 0.516284 0.117546 0.145993
1 0.674803 0.118327 0.181309 0.110364
1 0.075302 0.172693 0.150604 0.133111
1 0.073545 0.374809 0.147091 0.153381
1 0.549377 0.420825 0.176220 0.129446
1 0.848184 0.708122 0.175855 0.129832
1 0.908845 0.070624 0.182310 0.135907
1 0.255257 0.133664 0.180938 0.146885
1 0.712721 0.899651 0.294785 0.198790
1 0.329750 0.598831 0.352323 0.248670
0 0.067398 0.330538 0.062126 0.042262
