0 0.657812 0.231684 0.040625 0.058333
0 0.705729 0.201823 0.042708 0.070833
0 0.651042 0.729601 0.027083 0.037500
0 0.641146 0.791406 0.030208 0.050000
0 0.625000 0.862240 0.020833 0.050000
0 0.656250 0.388629 0.031250 0.052778
0 0.348438 0.808073 0.053125 0.041667
0 0.028646 0.752517 0.026042 0.061111
0 0.481250 0.449045 0.043750 0.056944
0 0.728646 0.628212 0.042708 0.045833
0 0.518750 0.610851 0.041667 0.061111
0 0.342188 0.613108 0.032292 0.050000
0 0.455729 0.705773 0.036458 0.047222
0 0.183854 0.783833 0.036458 0.054167
0 0.245312 0.580664 0.040625 0.045833
0 0.188021 0.522613 0.038542 0.050000
1 0.114583 0.290712 0.229167 0.237500
1 0.140625 0.623351 0.281250 0.233333
1 0.872396 0.853212 0.084375 0.245833
1 0.289583 0.925564 0.166667 0.148871
1 0.801042 0.437240 0.110417 0.138889
1 0.951042 0.626129 0.097917 0.191667
