0 0.419184 0.046875 0.055555 0.027083
0 0.672656 0.412500 0.054167 0.031250
0 0.978342 0.705208 0.043316 0.043750
0 0.767101 0.121354 0.054167 0.036458
0 0.246224 0.885938 0.061111 0.040625
0 0.905990 0.700000 0.056944 0.045833
0 0.409831 0.628646 0.059722 0.046875
0 0.360916 0.466146 0.063889 0.046875
0 0.402995 0.256250 0.072222 0.043750
0 0.727517 0.768750 0.066667 0.050000
0 0.108073 0.030208 0.080556 0.041667
0 0.805295 0.057292 0.077778 0.043750
0 0.567274 0.521354 0.069444 0.053125
0 0.128212 0.688542 0.065278 0.058333
0 0.153212 0.347396 0.076389 0.051042
0 0.517795 0.740104 0.091667 0.042708
0 0.505990 0.663542 0.090278 0.047917
0 0.232378 0.803125 0.079167 0.056250
1 0.422656 0.123438 0.198611 0.103125
1 0.910286 0.901563 0.179427 0.180208
1 0.569184 0.919792 0.372222 0.160417
1 0.663565 0.240485 0.209516 0.166009
0 0.758432 0.084618 0.062971 0.042729
1 0.089786 0.208612 0.166861 0.162200
1 0.501739 0.335172 0.171895 0.131618
1 0.843904 0.330124 0.171204 0.127988
