0 0.909399 0.422235 0.023154 0.030446
0 0.710012 0.458852 0.024030 0.029742
0 0.308868 0.238606 0.023287 0.033494
0 0.365020 0.611146 0.023957 0.032728
0 0.498221 0.192877 0.023940 0.032843
0 0.463102 0.043200 0.024639 0.032866
0 0.395290 0.858812 0.024487 0.033439
0 0.597296 0.936715 0.024857 0.033192
0 0.210633 0.125783 0.025342 0.033152
0 0.714716 0.664580 0.024685 0.034045
0 0.915342 0.510290 0.024616 0.034486
0 0.747884 0.472780 0.024420 0.034797
0 0.636085 0.258752 0.024187 0.035264
0 0.785170 0.425942 0.025139 0.034005
0 0.833793 0.797280 0.024164 0.035426
0 0.722887 0.622422 0.025120 0.034133
0 0.210463 0.860475 0.024506 0.035336
0 0.895300 0.755525 0.025386 0.034485
0 0.683080 0.443361 0.025200 0.034744
0 0.127772 0.689158 0.026301 0.033784
0 0.127956 0.638805 0.025952 0.034256
0 0.136997 0.424387 0.026132 0.034113
0 0.279986 0.326743 0.026647 0.033591
0 0.386286 0.169576 0.024415 0.037170
0 0.314420 0.925979 0.026733 0.034089
0 0.101924 0.687458 0.027373 0.033806
0 0.702075 0.221793 0.026140 0.035486
0 0.292045 0.247008 0.027710 0.033613
0 0.610907 0.276473 0.027131 0.034587
0 0.869505 0.361416 0.026069 0.036325
0 0.424066 0.069494 0.026035 0.036381
0 0.098120 0.394205 0.027450 0.034510
0 0.488361 0.284754 0.025585 0.037046
0 0.143849 0.314500 0.025892 0.036637
0 0.371617 0.459839 0.027913 0.034025
0 0.621859 0.222139 0.025665 0.037270
0 0.932080 0.400948 0.027734 0.034576
0 0.220325 0.260417 0.028497 0.034217
0 0.156338 0.294173 0.026031 0.037648
0 0.452037 0.435167 0.027025 0.036401
0 0.864929 0.310266 0.026275 0.037618
0 0.311976 0.112626 0.027877 0.036079
0 0.655164 0.203149 0.026952 0.037330
0 0.244114 0.154050 0.028744 0.035133
0 0.032589 0.209427 0.028764 0.035244
0 0.535809 0.378860 0.027584 0.036996
0 0.267693 0.091509 0.029238 0.034997
0 0.013548 0.313134 0.026975 0.037992
0 0.313153 0.534730 0.026981 0.038424
0 0.225005 0.444435 0.026788 0.039230
0 0.921789 0.461230 0.029004 0.036380
0 0.784659 0.059120 0.027783 0.038153
0 0.298507 0.087677 0.027742 0.038412
0 0.323454 0.648276 0.028042 0.038540
0 0.890066 0.024245 0.027411 0.039447
0 0.805945 0.224583 0.027571 0.039471
0 0.308379 0.468766 0.029551 0.036955
0 0.585861 0.556883 0.028739 0.038428
0 0.232511 0.862083 0.029743 0.037479
0 0.142974 0.749475 0.028160 0.039698
0 0.675123 0.666839 0.028687 0.039094
0 0.243367 0.122053 0.029298 0.038516
0 0.870783 0.212597 0.030591 0.037505
0 0.293071 0.159969 0.031432 0.037113
0 0.692561 0.702919 0.029013 0.040241
0 0.158210 0.128007 0.030938 0.037803
0 0.687696 0.322877 0.030396 0.038543
0 0.148681 0.390779 0.030826 0.038090
0 0.407442 0.391785 0.028607 0.041227
0 0.786123 0.113371 0.029000 0.040737
0 0.279317 0.068659 0.029041 0.040800
0 0.150967 0.976747 0.029555 0.040238
0 0.410929 0.742408 0.028152 0.042668
0 0.122253 0.131725 0.030910 0.038887
0 0.237406 0.584355 0.029409 0.041182
0 0.852992 0.858823 0.030079 0.040825
0 0.291224 0.361647 0.031554 0.039317
0 0.039233 0.779844 0.030501 0.040724
0 0.910294 0.787232 0.030614 0.040688
0 0.243104 0.470479 0.032946 0.037820
0 0.571044 0.640263 0.030588 0.041344
0 0.722556 0.288678 0.030217 0.041997
0 0.040441 0.165183 0.031052 0.041013
0 0.078515 0.334748 0.030183 0.042241
0 0.690019 0.605523 0.032546 0.039934
0 0.446154 0.600111 0.031966 0.040802
0 0.154425 0.881031 0.031423 0.042626
0 0.517751 0.646763 0.031674 0.042973
0 0.156979 0.188472 0.030267 0.045512
0 0.183643 0.233116 0.032689 0.042952
0 0.862285 0.155568 0.030844 0.047220
0 0.913774 0.192589 0.031636 0.046054
0 0.260017 0.433578 0.034759 0.042341
0 0.183878 0.079885 0.034705 0.045208
0 0.099613 0.600442 0.033975 0.046885
0 0.724696 0.698613 0.034014 0.048192
0 0.689759 0.895223 0.031875 0.054015
0 0.623002 0.605238 0.037561 0.047691
0 0.753954 0.146358 0.035561 0.052490
0 0.980458 0.166135 0.037492 0.055725
1 0.454000 0.698583 0.067000 0.062667
1 0.163000 0.536583 0.047000 0.093333
1 0.203500 0.325458 0.056000 0.109333
1 0.294000 0.584479 0.093000 0.078667
1 0.742710 0.054201 0.132481 0.108401
1 0.949250 0.074375 0.101500 0.148750
1 0.455500 0.113250 0.188000 0.097333
1 0.781794 0.946352 0.180187 0.107297
1 0.295000 0.769104 0.143000 0.169333
1 0.096500 0.107167 0.164000 0.158667
1 0.254310 0.934116 0.285167 0.131768
1 0.067238 0.675263 0.134475 0.455212
0 0.578341 0.955060 0.031709 0.048583
0 0.195068 0.885096 0.035191 0.049149
0 0.088989 0.418510 0.028775 0.039389
0 0.139057 0.575825 0.037808 0.049119
0 0.224841 0.889954 0.035285 0.044859
0 0.548345 0.567597 0.026185 0.031054
0 0.574537 0.587223 0.025449 0.034376
0 0.764260 0.342929 0.032800 0.040050
0 0.394074 0.776886 0.030392 0.040635
0 0.599939 0.651660 0.031995 0.040592
0 0.122459 0.967301 0.038535 0.053071
0 0.820159 0.848966 0.039420 0.056843
0 0.335788 0.328908 0.031003 0.038742
0 0.608098 0.492238 0.026912 0.036073
0 0.539051 0.792606 0.028221 0.037864
0 0.138418 0.838253 0.041493 0.050220
0 0.974660 0.811140 0.033436 0.045572
0 0.472136 0.376142 0.027735 0.037886
0 0.271232 0.878263 0.033474 0.043188
0 0.604513 0.235904 0.031205 0.039226
0 0.116955 0.303631 0.042275 0.053397
0 0.901086 0.826981 0.037886 0.047110
0 0.368912 0.345521 0.026844 0.036957
0 0.260232 0.921086 0.033261 0.042933
0 0.351650 0.342570 0.024374 0.033703
0 0.663270 0.821149 0.029168 0.037221
0 0.476341 0.780877 0.031624 0.040712
0 0.351059 0.443365 0.025610 0.034611
0 0.811256 0.412961 0.030480 0.039929
0 0.365593 0.535088 0.026570 0.036310
0 0.297829 0.652627 0.024934 0.034419
0 0.793175 0.487632 0.029943 0.042831
0 0.448152 0.740994 0.029951 0.036086
0 0.543985 0.760608 0.028139 0.038828
0 0.615687 0.375054 0.024832 0.034924
0 0.629748 0.567616 0.024098 0.030506
0 0.092822 0.736521 0.033612 0.046150
0 0.212544 0.149729 0.026377 0.033853
0 0.764101 0.790498 0.037500 0.052734
0 0.781091 0.551964 0.023914 0.032558
0 0.203042 0.220957 0.026149 0.033963
0 0.435913 0.767037 0.024570 0.031722
0 0.605984 0.802896 0.031313 0.041086
0 0.358170 0.637637 0.025323 0.032019
0 0.723585 0.162040 0.035644 0.048097
0 0.337269 0.886484 0.027892 0.036396
0 0.783061 0.523641 0.026300 0.036741
0 0.413971 0.833305 0.033421 0.050410
0 0.018032 0.796787 0.032578 0.044451
0 0.517181 0.936058 0.037501 0.050048
0 0.302597 0.185301 0.024632 0.032286
0 0.520793 0.120654 0.024136 0.033896
0 0.669520 0.758095 0.026750 0.035460
0 0.582124 0.451236 0.034001 0.041625
0 0.116593 0.782288 0.034965 0.048471
0 0.278178 0.650714 0.029380 0.038929
0 0.224875 0.489797 0.027622 0.036016
0 0.876790 0.050012 0.026191 0.036162
0 0.047855 0.983413 0.041600 0.033062
0 0.388066 0.753189 0.032212 0.041327
0 0.216124 0.399701 0.026119 0.034357
0 0.435257 0.643644 0.029202 0.036906
0 0.363065 0.845667 0.033116 0.044363
0 0.561955 0.925971 0.024618 0.032867
0 0.442462 0.082247 0.032197 0.043252
0 0.410920 0.136965 0.032921 0.044016
0 0.584198 0.712561 0.033884 0.048487
0 0.020448 0.553427 0.040896 0.057171
0 0.503389 0.256941 0.033245 0.047387
0 0.342675 0.044664 0.033522 0.036930
0 0.459830 0.927220 0.025146 0.034282
0 0.327101 0.982066 0.026275 0.035009
0 0.847740 0.209609 0.025657 0.034805
0 0.922421 0.988578 0.028792 0.022844
0 0.403071 0.057722 0.028336 0.035579
0 0.338976 0.272743 0.026052 0.034195
0 0.126421 0.070833 0.026482 0.033623
0 0.680246 0.554338 0.022962 0.031030
0 0.258694 0.693378 0.024875 0.034023
0 0.710231 0.882935 0.038350 0.048284
0 0.823207 0.134890 0.025806 0.035964
0 0.990521 0.200928 0.018958 0.047125
0 0.497777 0.317143 0.031101 0.041149
0 0.626310 0.515657 0.030101 0.038613
0 0.306918 0.503685 0.033279 0.045937
0 0.761200 0.404915 0.024614 0.031873
0 0.400759 0.251212 0.024705 0.033310
0 0.463028 0.212110 0.025762 0.034695
0 0.984599 0.359872 0.030801 0.066965
0 0.315455 0.308447 0.034266 0.040068
