0 0.026394 0.414947 0.052788 0.056762
0 0.058426 0.887025 0.064828 0.046968
0 0.334977 0.138012 0.074483 0.051883
0 0.327501 0.453012 0.073370 0.053418
1 0.806954 0.248786 0.152518 0.106540
1 0.942045 0.296370 0.115909 0.162218
1 0.088615 0.057811 0.174922 0.115622
1 0.209049 0.776614 0.169466 0.124189
1 0.420849 0.771194 0.251323 0.211791
1 0.904538 0.578188 0.190924 0.295846
1 0.593534 0.370754 0.272629 0.230156
0 0.261423 0.463185 0.048529 0.035871
0 0.219456 0.088743 0.046852 0.035260
0 0.240402 0.245727 0.054191 0.040697
0 0.753574 0.796080 0.054233 0.044814
0 0.492750 0.862195 0.049911 0.040680
0 0.674037 0.785571 0.061107 0.046581
0 0.873143 0.935296 0.057273 0.040481
0 0.135574 0.220993 0.063651 0.049232
0 0.553439 0.494967 0.050937 0.036978
0 0.502765 0.932620 0.054397 0.038835
0 0.499760 0.546616 0.049640 0.036496
0 0.123450 0.664704 0.055617 0.042438
0 0.456802 0.219324 0.048192 0.036224
0 0.546037 0.968051 0.051019 0.038166
0 0.322524 0.014595 0.046631 0.028418
0 0.614484 0.443009 0.060455 0.048942
