0 0.351042 0.404427 0.027083 0.027778
0 0.240104 0.132899 0.028125 0.029167
0 0.273958 0.324566 0.029167 0.043055
0 0.905729 0.107205 0.034375 0.041667
0 0.645833 0.831510 0.029167 0.051389
0 0.518229 0.788455 0.028125 0.056944
0 0.902604 0.314149 0.034375 0.050000
0 0.710417 0.848177 0.047917 0.059722
0 0.052604 0.957205 0.044792 0.066667
0 0.916667 0.785677 0.047917 0.065278
0 0.978646 0.327344 0.042708 0.090278
0 0.346875 0.828038 0.064583 0.066667
1 0.817708 0.541276 0.066667 0.144445
1 0.146354 0.650781 0.094792 0.130556
1 0.656771 0.450260 0.117708 0.147222
1 0.097917 0.454362 0.120833 0.150000
1 0.653125 0.225260 0.108333 0.180555
1 0.046354 0.635200 0.092708 0.240278
1 0.891146 0.210677 0.205208 0.137500
1 0.517187 0.578364 0.148958 0.216667
0 0.259054 0.163443 0.031392 0.043473
0 0.761991 0.980068 0.046423 0.039865
0 0.564483 0.890701 0.034238 0.046430
0 0.402644 0.282619 0.039153 0.052207
