0 0.210818 0.014105 0.033692 0.028110
0 0.868436 0.556901 0.028639 0.036782
0 0.493587 0.031987 0.031491 0.041139
0 0.828540 0.386803 0.031805 0.042166
0 0.580244 0.979993 0.033759 0.040014
0 0.952574 0.448026 0.031613 0.043964
0 0.907342 0.363635 0.032523 0.043988
0 0.911431 0.590074 0.032775 0.044191
0 0.632055 0.147996 0.031986 0.045371
0 0.237795 0.140808 0.032594 0.045550
0 0.738686 0.153810 0.033499 0.045380
0 0.775510 0.500548 0.034235 0.046922
0 0.291349 0.486433 0.034951 0.046670
0 0.022412 0.703019 0.034783 0.047016
0 0.315084 0.484195 0.034163 0.048006
0 0.274349 0.249037 0.034774 0.047620
0 0.886773 0.410905 0.034411 0.048394
0 0.227396 0.884451 0.035805 0.046586
0 0.836108 0.487190 0.036308 0.046648
0 0.028399 0.970612 0.035564 0.047807
0 0.546247 0.256390 0.035264 0.048348
0 0.476633 0.813146 0.036065 0.048118
0 0.524973 0.394775 0.036251 0.049421
0 0.158353 0.185044 0.037218 0.048698
0 0.855613 0.018308 0.050204 0.036154
0 0.639812 0.473418 0.037251 0.048944
0 0.047968 0.070303 0.037763 0.049602
0 0.886884 0.083250 0.038238 0.049617
0 0.458004 0.072491 0.038098 0.050703
0 0.731690 0.449778 0.038472 0.050665
0 0.303064 0.842663 0.038709 0.051362
0 0.062591 0.277512 0.037017 0.053807
0 0.212338 0.595241 0.038373 0.051966
0 0.372340 0.369658 0.039407 0.051881
0 0.686615 0.030457 0.039927 0.051533
0 0.376197 0.909577 0.038696 0.054331
0 0.667703 0.820510 0.039637 0.053627
0 0.826427 0.075705 0.039717 0.053631
0 0.455882 0.726560 0.040062 0.054956
0 0.321114 0.973282 0.042867 0.053136
0 0.159562 0.099476 0.041439 0.055190
0 0.833190 0.242630 0.040052 0.057422
0 0.082011 0.103038 0.041179 0.055972
0 0.569621 0.276782 0.042121 0.060163
0 0.324724 0.192946 0.044042 0.059912
0 0.282759 0.343206 0.044356 0.059929
0 0.890578 0.476620 0.042700 0.063054
0 0.029771 0.191557 0.047084 0.061428
0 0.416361 0.725751 0.047455 0.065333
0 0.798419 0.093461 0.054503 0.075483
1 0.226000 0.776833 0.065000 0.089333
1 0.647000 0.208167 0.063000 0.101333
1 0.452440 0.202209 0.113584 0.163507
1 0.885500 0.510167 0.160000 0.233333
0 0.225978 0.160299 0.041749 0.054902
0 0.927725 0.581293 0.031168 0.041994
0 0.249492 0.420831 0.034456 0.045090
0 0.684716 0.163948 0.027351 0.036906
0 0.374353 0.632911 0.039703 0.050457
0 0.298812 0.013391 0.041797 0.026750
0 0.627869 0.562927 0.037550 0.048590
