0 0.764583 0.823872 0.029167 0.036111
0 0.722917 0.614844 0.027083 0.054167
0 0.771875 0.777344 0.037500 0.043056
0 0.736979 0.863455 0.030208 0.054167
0 0.381250 0.898112 0.029167 0.056944
0 0.955208 0.253082 0.025000 0.068056
0 0.409896 0.864475 0.032292 0.061111
0 0.670833 0.556510 0.043750 0.048611
0 0.465104 0.584983 0.046875 0.047222
0 0.953125 0.823177 0.041667 0.059722
0 0.746875 0.316927 0.045833 0.055556
0 0.657812 0.333594 0.044792 0.058333
0 0.365625 0.085677 0.047917 0.059722
0 0.522917 0.371788 0.052083 0.059722
0 0.480729 0.628733 0.076042 0.043056
0 0.615104 0.700260 0.046875 0.072222
0 0.319792 0.897700 0.037500 0.090278
0 0.023958 0.486892 0.047917 0.080556
0 0.700521 0.207899 0.057292 0.076389
0 0.505729 0.681510 0.063542 0.070833
0 0.421875 0.450955 0.058333 0.081944
0 0.740625 0.566233 0.052083 0.098611
1 0.852604 0.662066 0.107292 0.154167
1 0.097917 0.176649 0.183333 0.188889
1 0.832292 0.102908 0.193750 0.205816
1 0.129167 0.699566 0.193750 0.226389
1 0.292705 0.632493 0.155042 0.183191
