0 0.414062 0.472483 0.021875 0.041667
0 0.286458 0.490538 0.031250 0.038889
0 0.405208 0.742622 0.031250 0.040278
0 0.248438 0.644705 0.028125 0.047222
0 0.945313 0.405121 0.036458 0.056944
0 0.853646 0.113455 0.038542 0.054167
0 0.260938 0.777344 0.051042 0.051389
0 0.627604 0.698177 0.044792 0.059722
1 0.412500 0.331510 0.095833 0.173611
1 0.810417 0.897005 0.158333 0.191667
1 0.483854 0.911241 0.182292 0.177517
1 0.560417 0.359418 0.077083 0.718837
1 0.145833 0.284288 0.291667 0.243056
1 0.516921 0.088521 0.226140 0.175547
1 0.873475 0.728064 0.179252 0.199657
0 0.384723 0.123900 0.050607 0.069511
1 0.251699 0.551990 0.123973 0.168490
