2 0.942708 0.805295 0.043750 0.077778
2 0.878646 0.767101 0.036458 0.054167
2 0.953125 0.419184 0.027083 0.055555
2 0.969792 0.108073 0.041667 0.080556
2 0.652604 0.153212 0.051042 0.076389
2 0.336458 0.505990 0.047917 0.090278
2 0.259896 0.517795 0.042708 0.091667
2 0.587500 0.672656 0.031250 0.054167
2 0.311458 0.128212 0.058333 0.065278
2 0.196875 0.232378 0.056250 0.079167
2 0.300000 0.905990 0.045833 0.056944
2 0.478646 0.567274 0.053125 0.069444
2 0.743750 0.402995 0.043750 0.072222
2 0.533854 0.360916 0.046875 0.063889
2 0.371354 0.409831 0.046875 0.059722
2 0.114062 0.246224 0.040625 0.061111
2 0.294792 0.978342 0.043750 0.043316
2 0.231250 0.727517 0.050000 0.066667
3 0.080208 0.569184 0.160417 0.372222
3 0.098437 0.910286 0.180208 0.179427
3 0.876562 0.422656 0.103125 0.198611
