2 0.057813 0.835851 0.057292 0.075000
2 0.116146 0.599045 0.036458 0.054167
2 0.086458 0.538628 0.033333 0.050000
2 0.430729 0.387240 0.051042 0.061111
2 0.332292 0.333073 0.031250 0.047222
2 0.220313 0.280990 0.042708 0.056944
2 0.084896 0.298351 0.028125 0.036111
2 0.599479 0.326128 0.044792 0.061111
2 0.784896 0.342795 0.069792 0.052778
2 0.557292 0.262240 0.043750 0.047222
2 0.557813 0.198351 0.034375 0.052778
2 0.361979 0.108941 0.028125 0.052778
2 0.402083 0.116884 0.045833 0.052778
2 0.739063 0.724110 0.038542 0.045833
3 0.682292 0.819553 0.141667 0.265278
3 0.530729 0.555252 0.098958 0.079167
3 0.256250 0.772656 0.185417 0.212500
3 0.915625 0.647656 0.097917 0.154167
3 0.966146 0.909462 0.067708 0.127778
3 0.742708 0.246267 0.102083 0.106944
