0 0.593099 0.771026 0.023990 0.021780
0 0.274286 0.950476 0.042929 0.020833
0 0.115767 0.149340 0.034091 0.026515
0 0.652778 0.048488 0.031566 0.031250
0 0.783124 0.035704 0.035353 0.032197
0 0.964942 0.840628 0.037879 0.035985
0 0.348149 0.899340 0.046717 0.032197
0 0.894867 0.927276 0.051768 0.029356
0 0.327947 0.655495 0.041667 0.036932
0 0.377821 0.696215 0.050505 0.031250
0 0.486407 0.851045 0.045455 0.035985
0 0.700324 0.074529 0.031566 0.053030
0 0.681483 0.683431 0.046717 0.035985
0 0.336293 0.022920 0.054293 0.031250
0 0.547644 0.554643 0.059343 0.030303
0 0.536281 0.357200 0.041667 0.044508
0 0.689690 0.813166 0.053030 0.035985
0 0.606120 0.424435 0.049242 0.038826
0 0.815321 0.811272 0.054293 0.035985
0 0.154336 0.645079 0.053030 0.036932
0 0.231988 0.310798 0.049242 0.042614
0 0.305220 0.462787 0.056818 0.037879
0 0.144867 0.431537 0.046717 0.049243
0 0.668857 0.854359 0.054293 0.052083
0 0.656862 0.965628 0.103535 0.051136
1 0.878488 0.606341 0.182407 0.121462
1 0.862067 0.724213 0.172984 0.134893
1 0.907008 0.148654 0.180381 0.147311
1 0.188334 0.294739 0.188079 0.146954
1 0.468112 0.840654 0.482207 0.318692
1 0.759378 0.341801 0.481244 0.391848
0 0.928543 0.864483 0.054323 0.040896
0 0.209280 0.598956 0.061344 0.046994
0 0.937931 0.824138 0.053208 0.042172
0 0.637049 0.950768 0.054242 0.038733
