0 0.578212 0.384375 0.026389 0.022917
0 0.792795 0.326042 0.033333 0.027083
0 0.353906 0.812500 0.027778 0.033333
0 0.142795 0.829688 0.027778 0.036458
0 0.442101 0.322396 0.029167 0.036458
0 0.124913 0.579167 0.034722 0.035417
0 0.281684 0.192708 0.033333 0.039583
0 0.028212 0.133333 0.043056 0.033333
0 0.346962 0.713542 0.038889 0.037500
0 0.565712 0.318229 0.031944 0.046875
0 0.095356 0.157292 0.037500 0.041667
0 0.868490 0.156771 0.037500 0.042708
0 0.696962 0.228646 0.047222 0.038542
0 0.922721 0.277083 0.045833 0.043750
0 0.034462 0.522917 0.055556 0.064583
0 0.060851 0.660937 0.061111 0.059375
0 0.474045 0.371354 0.068056 0.061458
1 0.369184 0.951562 0.136111 0.096875
1 0.619878 0.092708 0.151389 0.129167
1 0.188628 0.305208 0.202778 0.102083
1 0.819878 0.948438 0.209722 0.103125
1 0.366406 0.050521 0.225000 0.101042
1 0.696962 0.831250 0.202778 0.114583
1 0.626779 0.498437 0.177778 0.146875
1 0.298025 0.554167 0.275000 0.227083
0 0.853400 0.189368 0.051431 0.037435
0 0.855357 0.359452 0.049776 0.039325
0 0.034898 0.033250 0.058809 0.041628
1 0.061780 0.768308 0.123559 0.162992
0 0.596476 0.931020 0.074973 0.054170
0 0.052636 0.292909 0.044885 0.034551
0 0.984627 0.624699 0.030746 0.038810
