0 0.895537 0.223204 0.034091 0.045455
0 0.545790 0.963734 0.046717 0.035985
0 0.219401 0.744984 0.042929 0.043561
0 0.936573 0.231726 0.042929 0.043561
0 0.701724 0.451897 0.075758 0.025568
0 0.648063 0.032863 0.054293 0.037879
0 0.677103 0.298014 0.059344 0.037879
0 0.136068 0.337314 0.040404 0.055871
0 0.845664 0.055590 0.058081 0.039773
0 0.559047 0.200003 0.063131 0.046402
0 0.069780 0.924908 0.077020 0.047349
0 0.168404 0.553691 0.101413 0.078506
1 0.046154 0.494395 0.092309 0.108380
1 0.800186 0.532767 0.118260 0.097353
1 0.357123 0.550002 0.121610 0.100668
1 0.955097 0.379422 0.089806 0.149316
1 0.233753 0.918113 0.144017 0.111356
1 0.549407 0.609336 0.160878 0.120267
1 0.299805 0.265225 0.181813 0.113983
1 0.917885 0.584703 0.164229 0.146852
1 0.386261 0.153858 0.190409 0.128889
1 0.424552 0.723389 0.218437 0.153402
1 0.661822 0.383520 0.231998 0.196574
1 0.702418 0.738797 0.255862 0.220065
0 0.903709 0.613342 0.067277 0.045942
0 0.317872 0.773106 0.047588 0.035248
0 0.296970 0.587943 0.060568 0.045673
