0 0.248437 0.371311 0.023958 0.065278
0 0.713542 0.123177 0.035417 0.054167
0 0.209896 0.362587 0.044792 0.051389
0 0.900521 0.377344 0.032292 0.073611
0 0.601562 0.427279 0.046875 0.056944
0 0.953125 0.514844 0.041667 0.065278
0 0.508854 0.050304 0.042708 0.068056
0 0.574479 0.463780 0.048958 0.065278
0 0.272396 0.714149 0.051042 0.063889
0 0.909896 0.921094 0.057292 0.069444
0 0.918229 0.774566 0.046875 0.093056
0 0.218229 0.239149 0.053125 0.083333
0 0.446875 0.669705 0.087500 0.066667
0 0.160417 0.551649 0.083333 0.083333
0 0.424479 0.738455 0.094792 0.073611
0 0.329167 0.788455 0.075000 0.109722
1 0.503646 0.544010 0.101042 0.120833
1 0.755208 0.835677 0.162500 0.298611
1 0.107292 0.794575 0.214583 0.410851
0 0.265104 0.921792 0.052325 0.066208
