0 0.423942 0.491566 0.024917 0.034611
0 0.611974 0.913914 0.025114 0.035294
0 0.381903 0.966590 0.025721 0.036339
0 0.783647 0.828200 0.026093 0.036579
0 0.756033 0.316777 0.026614 0.037219
0 0.525856 0.931607 0.027080 0.037042
0 0.113391 0.239081 0.027838 0.036152
0 0.722690 0.748607 0.026762 0.038015
0 0.050226 0.527064 0.027722 0.038081
0 0.433317 0.814810 0.028442 0.037340
0 0.834604 0.522648 0.027138 0.039164
0 0.882477 0.191464 0.027860 0.038217
0 0.721335 0.539378 0.027593 0.038645
0 0.515768 0.687743 0.029025 0.037071
0 0.278759 0.277278 0.028912 0.037271
0 0.918642 0.272465 0.028883 0.037461
0 0.646901 0.620283 0.028624 0.037818
0 0.139343 0.242743 0.028436 0.038430
0 0.454599 0.878224 0.028318 0.039107
0 0.581961 0.766297 0.029191 0.038303
0 0.324442 0.693690 0.028583 0.039196
0 0.653858 0.779121 0.029374 0.038177
0 0.015289 0.326603 0.029824 0.037607
0 0.481444 0.576015 0.027991 0.040114
0 0.607812 0.953606 0.029098 0.038832
0 0.924087 0.080790 0.028904 0.039328
0 0.059618 0.118121 0.029526 0.038675
0 0.950131 0.403507 0.027736 0.041522
0 0.471499 0.760291 0.029221 0.039477
0 0.624783 0.883501 0.029800 0.038766
0 0.702936 0.528723 0.030181 0.038465
0 0.052424 0.395456 0.030324 0.038711
0 0.968962 0.848079 0.028844 0.040982
0 0.628421 0.736412 0.030604 0.038987
0 0.781708 0.616481 0.030367 0.039514
0 0.367886 0.939490 0.031042 0.039536
0 0.329524 0.930842 0.030028 0.041175
0 0.049656 0.366163 0.030394 0.040726
0 0.804719 0.485181 0.030695 0.042772
0 0.415365 0.445574 0.030871 0.043317
0 0.573704 0.138547 0.033334 0.040439
0 0.688486 0.721807 0.032017 0.042519
0 0.186901 0.300506 0.031955 0.042634
0 0.368792 0.828537 0.031104 0.044155
0 0.171083 0.644017 0.029665 0.046330
0 0.882909 0.553301 0.031792 0.043458
0 0.194906 0.613948 0.032837 0.042143
0 0.607806 0.264415 0.032009 0.043460
0 0.526148 0.379949 0.032903 0.042472
0 0.765221 0.341456 0.032339 0.044610
0 0.978435 0.954607 0.033708 0.043356
0 0.499284 0.628934 0.033611 0.043518
0 0.160588 0.027965 0.032270 0.046229
0 0.924954 0.478780 0.033998 0.044942
0 0.947907 0.937869 0.034033 0.045246
0 0.061643 0.320319 0.032126 0.050182
0 0.736117 0.902494 0.038742 0.042720
0 0.488421 0.130364 0.034416 0.048444
0 0.711598 0.856667 0.037819 0.044384
0 0.367070 0.745384 0.034922 0.050077
0 0.228914 0.565754 0.039525 0.045243
0 0.449909 0.081132 0.035075 0.052284
0 0.767475 0.792156 0.038716 0.047763
0 0.731776 0.467443 0.038165 0.049222
0 0.662682 0.521735 0.037776 0.050455
0 0.543030 0.769801 0.038800 0.050901
0 0.364475 0.491511 0.039121 0.051809
0 0.658447 0.718942 0.040896 0.049714
0 0.068269 0.237170 0.037735 0.054950
1 0.309000 0.818167 0.315000 0.196000
1 0.377000 0.510167 0.251000 0.297333
0 0.879319 0.515286 0.034817 0.046553
0 0.229877 0.705144 0.032116 0.043597
0 0.541056 0.656289 0.035176 0.045110
0 0.698301 0.042768 0.041349 0.054233
0 0.906755 0.584300 0.029430 0.040031
0 0.977969 0.771968 0.026636 0.036575
0 0.380094 0.709995 0.031377 0.044126
0 0.408738 0.599655 0.035239 0.048398
0 0.743974 0.277257 0.030844 0.042325
0 0.168195 0.224416 0.035108 0.047604
0 0.747546 0.054606 0.029676 0.038682
0 0.968547 0.544731 0.036198 0.046986
0 0.209900 0.702727 0.027031 0.036655
0 0.327645 0.129416 0.037937 0.050019
0 0.067447 0.562889 0.030852 0.041463
0 0.716027 0.070764 0.026958 0.036587
0 0.347021 0.051687 0.033167 0.044532
0 0.307678 0.819514 0.036774 0.052398
0 0.821839 0.446910 0.028780 0.038369
0 0.846461 0.862762 0.027493 0.036647
0 0.836041 0.413486 0.029708 0.037894
0 0.451819 0.987265 0.024821 0.025469
0 0.615133 0.985490 0.036544 0.029020
0 0.476598 0.673963 0.031668 0.040189
0 0.737973 0.875779 0.032097 0.039553
0 0.613051 0.738594 0.026970 0.035512
0 0.619445 0.297501 0.029745 0.037609
0 0.639515 0.023806 0.046292 0.047315
0 0.529588 0.514327 0.027356 0.037669
0 0.804855 0.206028 0.024952 0.032663
0 0.894935 0.471296 0.030925 0.039733
0 0.905500 0.304292 0.032006 0.044265
0 0.587863 0.030133 0.044271 0.058456
0 0.716560 0.308012 0.029428 0.039546
0 0.150375 0.438177 0.035980 0.047978
0 0.510085 0.157722 0.037591 0.047111
0 0.987973 0.060580 0.024053 0.042719
0 0.882450 0.758355 0.027897 0.038479
0 0.667437 0.986362 0.030252 0.027276
0 0.992950 0.814679 0.014100 0.041420
0 0.449002 0.612826 0.026583 0.036300
0 0.863189 0.068958 0.053790 0.075013
0 0.586108 0.871952 0.041238 0.061347
1 0.304935 0.942787 0.199126 0.114426
1 0.943239 0.172235 0.112403 0.232591
