0 0.238021 0.099566 0.026042 0.023611
0 0.447396 0.749566 0.028125 0.023611
0 0.215625 0.155859 0.022917 0.034722
0 0.861979 0.287391 0.028125 0.045833
0 0.802083 0.195616 0.041667 0.050000
0 0.980208 0.380816 0.031250 0.075000
0 0.744792 0.621788 0.039583 0.062500
0 0.773958 0.475260 0.037500 0.066667
0 0.857812 0.357899 0.063542 0.045833
0 0.761458 0.267556 0.054167 0.059722
1 0.841667 0.769705 0.058333 0.066667
0 0.092708 0.840365 0.072917 0.090278
1 0.908854 0.741233 0.071875 0.109722
1 0.069271 0.410677 0.084375 0.131944
1 0.144792 0.569705 0.116667 0.113889
1 0.825521 0.888455 0.119792 0.112500
1 0.510937 0.305816 0.105208 0.133333
1 0.401042 0.930686 0.185417 0.138628
1 0.626563 0.544705 0.153125 0.169444
1 0.269271 0.375955 0.136458 0.206944
0 0.784797 0.098082 0.048823 0.065247
0 0.862525 0.284102 0.056222 0.080697
0 0.952526 0.967064 0.055204 0.065872
0 0.556678 0.785205 0.042246 0.058346
