0 0.404427 0.648958 0.027778 0.027083
0 0.132899 0.759896 0.029167 0.028125
0 0.324566 0.726042 0.043055 0.029167
0 0.107205 0.094271 0.041667 0.034375
0 0.831510 0.354167 0.051389 0.029167
0 0.788455 0.481771 0.056944 0.028125
0 0.314149 0.097396 0.050000 0.034375
0 0.848177 0.289583 0.059722 0.047917
0 0.957205 0.947396 0.066667 0.044792
0 0.785677 0.083333 0.065278 0.047917
0 0.327344 0.021354 0.090278 0.042708
0 0.828038 0.653125 0.066667 0.064583
1 0.541276 0.182292 0.144445 0.066667
1 0.650781 0.853646 0.130556 0.094792
1 0.450260 0.343229 0.147222 0.117708
1 0.454362 0.902083 0.150000 0.120833
1 0.225260 0.346875 0.180555 0.108333
1 0.635200 0.953646 0.240278 0.092708
1 0.210677 0.108854 0.137500 0.205208
1 0.578364 0.482813 0.216667 0.148958
0 0.286069 0.837219 0.046775 0.035834
0 0.164884 0.741193 0.042408 0.031562
0 0.886706 0.481146 0.053584 0.043094
0 0.980375 0.236276 0.039069 0.044055
0 0.891281 0.436155 0.044400 0.033219
0 0.986149 0.105044 0.027702 0.043088
