1 0.222205 0.120516 0.228661 0.240172
1 0.361506 0.695092 0.175775 0.245782
1 0.875058 0.940848 0.222803 0.118304
0 0.353387 0.523259 0.027187 0.036518
0 0.553089 0.251873 0.029586 0.041985
0 0.266202 0.889115 0.028691 0.038338
0 0.536220 0.731458 0.032049 0.046365
0 0.571866 0.476197 0.027412 0.036819
0 0.283280 0.704352 0.030610 0.044285
0 0.679607 0.587598 0.029287 0.042985
0 0.094907 0.126978 0.033996 0.048073
0 0.468867 0.720325 0.028990 0.038949
1 0.649463 0.741456 0.113515 0.174128
0 0.358970 0.812608 0.027890 0.037347
0 0.073149 0.202449 0.039470 0.050320
0 0.681550 0.429740 0.028770 0.037171
1 0.407974 0.629731 0.251596 0.339557
0 0.448032 0.438571 0.029552 0.038974
1 0.207500 0.390583 0.236000 0.158667
1 0.963250 0.287250 0.073500 0.160000
1 0.820500 0.217917 0.224000 0.133333
1 0.679000 0.507250 0.135000 0.109333
1 0.737000 0.883250 0.057000 0.077333
1 0.735500 0.963625 0.082000 0.072750
1 0.839000 0.597917 0.077000 0.269333
