0 0.472483 0.585938 0.041667 0.021875
0 0.490538 0.713542 0.038889 0.031250
0 0.742622 0.594792 0.040278 0.031250
0 0.644705 0.751562 0.047222 0.028125
0 0.405121 0.054687 0.056944 0.036458
0 0.113455 0.146354 0.054167 0.038542
0 0.777344 0.739062 0.051389 0.051042
0 0.698177 0.372396 0.059722 0.044792
1 0.331510 0.587500 0.173611 0.095833
1 0.897005 0.189583 0.191667 0.158333
1 0.911241 0.516146 0.177517 0.182292
1 0.359418 0.439583 0.718837 0.077083
1 0.284288 0.854167 0.243056 0.291667
1 0.087971 0.488814 0.175773 0.209960
0 0.123558 0.615005 0.070303 0.050359
1 0.589792 0.964138 0.207569 0.071321
