0 0.615625 0.421788 0.022917 0.026389
0 0.673958 0.207205 0.027083 0.033333
0 0.187500 0.646094 0.033333 0.027778
0 0.170312 0.857205 0.036458 0.027778
0 0.677604 0.557899 0.036458 0.029167
0 0.420833 0.875087 0.035417 0.034722
0 0.807292 0.718316 0.039583 0.033333
0 0.866667 0.971788 0.033333 0.043056
0 0.286458 0.653038 0.037500 0.038889
0 0.681771 0.434288 0.046875 0.031944
0 0.842708 0.904644 0.041667 0.037500
0 0.843229 0.131510 0.042708 0.037500
0 0.771354 0.303038 0.038542 0.047222
0 0.722917 0.077279 0.043750 0.045833
0 0.477083 0.965538 0.064583 0.055556
0 0.339063 0.939149 0.059375 0.061111
0 0.628646 0.525955 0.061458 0.068056
1 0.048438 0.630816 0.096875 0.136111
1 0.907292 0.380122 0.129167 0.151389
1 0.694792 0.811372 0.102083 0.202778
1 0.051562 0.180122 0.103125 0.209722
1 0.949479 0.633594 0.101042 0.225000
1 0.168750 0.303038 0.114583 0.202778
1 0.501563 0.373221 0.146875 0.177778
1 0.445833 0.701975 0.227083 0.275000
1 0.225176 0.933857 0.168650 0.132287
0 0.811339 0.145799 0.037401 0.049094
0 0.967019 0.965274 0.041395 0.058348
0 0.707330 0.946331 0.034386 0.044185
0 0.375449 0.017877 0.041803 0.035297
0 0.069893 0.403167 0.056179 0.075613
0 0.640428 0.144925 0.040086 0.052525
