0 0.014105 0.789182 0.028110 0.033692
0 0.556901 0.131564 0.036782 0.028639
0 0.031987 0.506413 0.041139 0.031491
0 0.386803 0.171460 0.042166 0.031805
0 0.979993 0.419756 0.040014 0.033759
0 0.448026 0.047426 0.043964 0.031613
0 0.363635 0.092658 0.043988 0.032523
0 0.590074 0.088569 0.044191 0.032775
0 0.147996 0.367945 0.045371 0.031986
0 0.140808 0.762205 0.045550 0.032594
0 0.153810 0.261314 0.045380 0.033499
0 0.500548 0.224490 0.046922 0.034235
0 0.486433 0.708651 0.046670 0.034951
0 0.703019 0.977588 0.047016 0.034783
0 0.484195 0.684916 0.048006 0.034163
0 0.249037 0.725651 0.047620 0.034774
0 0.410905 0.113227 0.048394 0.034411
0 0.884451 0.772604 0.046586 0.035805
0 0.487190 0.163892 0.046648 0.036308
0 0.970612 0.971601 0.047807 0.035564
0 0.256390 0.453753 0.048348 0.035264
0 0.813146 0.523367 0.048118 0.036065
0 0.394775 0.475027 0.049421 0.036251
0 0.185044 0.841647 0.048698 0.037218
0 0.018308 0.144387 0.036154 0.050204
0 0.473418 0.360188 0.048944 0.037251
0 0.070303 0.952032 0.049602 0.037763
0 0.083250 0.113116 0.049617 0.038238
0 0.072491 0.541996 0.050703 0.038098
0 0.449778 0.268310 0.050665 0.038472
0 0.842663 0.696936 0.051362 0.038709
0 0.277512 0.937409 0.053807 0.037017
0 0.595241 0.787662 0.051966 0.038373
0 0.369658 0.627660 0.051881 0.039407
0 0.030457 0.313385 0.051533 0.039927
0 0.909577 0.623803 0.054331 0.038696
0 0.820510 0.332297 0.053627 0.039637
0 0.075705 0.173573 0.053631 0.039717
0 0.726560 0.544118 0.054956 0.040062
0 0.973282 0.678886 0.053136 0.042867
0 0.099476 0.840438 0.055190 0.041439
0 0.242630 0.166810 0.057422 0.040052
0 0.103038 0.917989 0.055972 0.041179
0 0.276782 0.430379 0.060163 0.042121
0 0.192946 0.675276 0.059912 0.044042
0 0.343206 0.717241 0.059929 0.044356
0 0.476620 0.109422 0.063054 0.042700
0 0.191557 0.970229 0.061428 0.047084
0 0.725751 0.583639 0.065333 0.047455
0 0.093461 0.201581 0.075483 0.054503
1 0.776833 0.774000 0.089333 0.065000
1 0.208167 0.353000 0.101333 0.063000
1 0.202209 0.547560 0.163507 0.113584
1 0.510167 0.114500 0.233333 0.160000
0 0.581356 0.071598 0.045389 0.032792
0 0.161587 0.772944 0.052187 0.040870
0 0.421618 0.750413 0.047132 0.035707
0 0.632890 0.624995 0.049636 0.037382
0 0.165443 0.315440 0.036799 0.027329
0 0.012358 0.700228 0.024715 0.041196
0 0.973204 0.584676 0.046007 0.034376
0 0.439086 0.505345 0.051459 0.038035
