0 0.136582 0.790047 0.042774 0.062136
0 0.097618 0.765811 0.042324 0.058953
0 0.077151 0.398022 0.043904 0.068383
0 0.497299 0.903626 0.062446 0.080991
0 0.410696 0.282257 0.035330 0.047398
0 0.731436 0.938704 0.041136 0.053254
1 0.383463 0.552769 0.261022 0.368978
0 0.294929 0.953401 0.034506 0.045612
0 0.461142 0.643209 0.034633 0.046124
0 0.212247 0.745545 0.046833 0.064746
1 0.648678 0.518496 0.233756 0.319924
1 0.889500 0.874500 0.210000 0.234667
1 0.184000 0.183250 0.153000 0.240000
1 0.468000 0.179250 0.119000 0.349333
1 0.869500 0.183917 0.210000 0.110667
1 0.184500 0.496583 0.134000 0.170667
1 0.438000 0.775250 0.129000 0.149333
