1 0.153488 0.637172 0.238161 0.295441
1 0.859694 0.850816 0.147814 0.202401
1 0.122125 0.282919 0.223913 0.257279
1 0.273831 0.914213 0.207451 0.171574
0 0.652729 0.389059 0.052310 0.069141
0 0.647569 0.737014 0.049567 0.067683
0 0.643122 0.790801 0.052843 0.065760
0 0.341911 0.612579 0.041548 0.056244
0 0.670420 0.832684 0.040078 0.052194
0 0.623857 0.862714 0.046144 0.063232
0 0.351723 0.805943 0.059087 0.063848
0 0.660228 0.231474 0.059380 0.074124
0 0.184088 0.786924 0.044174 0.058332
0 0.401945 0.661445 0.053011 0.070195
0 0.475881 0.444727 0.068191 0.088551
1 0.937814 0.611409 0.123410 0.202136
0 0.522676 0.605239 0.058214 0.078473
1 0.803759 0.436167 0.140156 0.160739
0 0.749262 0.552580 0.057615 0.076822
0 0.869455 0.940252 0.045716 0.056844
0 0.705669 0.199900 0.060972 0.084131
0 0.365106 0.255210 0.036917 0.048697
0 0.733091 0.631286 0.040021 0.051818
0 0.241587 0.582325 0.038441 0.049494
0 0.184309 0.522652 0.037503 0.050880
0 0.457056 0.706316 0.044753 0.057370
1 0.664898 0.057825 0.165375 0.115651
1 0.048264 0.585485 0.096528 0.330704
1 0.543500 0.410713 0.115624 0.157816
