0 0.077370 0.553366 0.018939 0.026515
0 0.303696 0.269512 0.022727 0.027778
0 0.090154 0.461194 0.023674 0.039141
0 0.471783 0.796914 0.027462 0.035353
0 0.653601 0.257517 0.027462 0.041667
0 0.276708 0.716244 0.035038 0.034091
0 0.017852 0.624073 0.035704 0.034091
0 0.424908 0.473189 0.049242 0.025252
0 0.112408 0.513593 0.035985 0.035354
0 0.126139 0.979561 0.036932 0.035354
0 0.968469 0.620285 0.030303 0.044192
0 0.302749 0.758542 0.039773 0.035354
0 0.843942 0.541469 0.027462 0.053030
0 0.277181 0.493628 0.037879 0.044192
0 0.156442 0.375967 0.029356 0.060606
0 0.749719 0.761699 0.041667 0.044192
0 0.497351 0.348820 0.046402 0.041667
0 0.157863 0.617128 0.045455 0.042929
0 0.964208 0.704250 0.042614 0.047980
0 0.735988 0.607323 0.053977 0.039141
0 0.336840 0.238577 0.045455 0.054293
0 0.112408 0.345032 0.062500 0.049242
1 0.185325 0.449830 0.111742 0.099747
1 0.569795 0.853871 0.117424 0.203283
1 0.666297 0.097356 0.176499 0.191688
1 0.366177 0.095100 0.215904 0.188087
1 0.909607 0.273949 0.180786 0.263418
1 0.295173 0.718138 0.195076 0.300505
1 0.566667 0.454007 0.251360 0.278315
0 0.505207 0.112264 0.052598 0.068509
1 0.475124 0.717832 0.132391 0.187916
0 0.244635 0.960599 0.036418 0.053166
0 0.128405 0.872283 0.052401 0.063664
1 0.943152 0.822132 0.113654 0.217543
0 0.803284 0.049199 0.039222 0.052678
