0 0.185414 0.223820 0.031250 0.031566
0 0.640433 0.911320 0.028409 0.035354
0 0.059940 0.628492 0.028409 0.037879
0 0.545262 0.144906 0.025568 0.050505
0 0.739391 0.684679 0.038826 0.034091
0 0.542421 0.768012 0.038826 0.039141
0 0.486077 0.333669 0.028409 0.054293
0 0.023008 0.776219 0.034091 0.047980
0 0.877649 0.494654 0.035038 0.047980
0 0.739391 0.070411 0.040720 0.045455
0 0.617705 0.781270 0.051136 0.047980
1 0.620425 0.050375 0.123425 0.100750
1 0.119531 0.774999 0.099506 0.134645
1 0.713453 0.783539 0.109766 0.132906
1 0.048698 0.584232 0.097396 0.163565
1 0.453753 0.063415 0.126981 0.126831
1 0.483716 0.941180 0.145993 0.117546
1 0.881673 0.325197 0.110364 0.181309
1 0.827307 0.924698 0.133111 0.150604
1 0.625191 0.926455 0.153381 0.147091
1 0.579175 0.450623 0.129446 0.176220
1 0.291878 0.151816 0.129832 0.175855
1 0.929376 0.091155 0.135907 0.182310
1 0.866336 0.744743 0.146885 0.180938
1 0.100349 0.287279 0.198790 0.294785
1 0.401169 0.670250 0.248670 0.352323
0 0.670315 0.932273 0.043513 0.061787
1 0.373369 0.880068 0.140613 0.191025
0 0.856573 0.609791 0.055369 0.067938
