0 0.404427 0.351042 0.027778 0.027083
0 0.132899 0.240104 0.029167 0.028125
0 0.324566 0.273958 0.043055 0.029167
0 0.107205 0.905729 0.041667 0.034375
0 0.831510 0.645833 0.051389 0.029167
0 0.788455 0.518229 0.056944 0.028125
0 0.314149 0.902604 0.050000 0.034375
0 0.848177 0.710417 0.059722 0.047917
0 0.957205 0.052604 0.066667 0.044792
0 0.785677 0.916667 0.065278 0.047917
0 0.327344 0.978646 0.090278 0.042708
0 0.828038 0.346875 0.066667 0.064583
1 0.541276 0.817708 0.144445 0.066667
1 0.650781 0.146354 0.130556 0.094792
1 0.450260 0.656771 0.147222 0.117708
1 0.454362 0.097917 0.150000 0.120833
1 0.225260 0.653125 0.180555 0.108333
1 0.635200 0.046354 0.240278 0.092708
1 0.210677 0.891146 0.137500 0.205208
1 0.578364 0.517187 0.216667 0.148958
0 0.164604 0.258462 0.043427 0.032168
1 0.956479 0.061978 0.087041 0.121906
0 0.886942 0.519808 0.050993 0.041938
0 0.980016 0.762784 0.039753 0.045022
0 0.206867 0.296162 0.046520 0.036345
0 0.285745 0.162810 0.045263 0.034677
