0 0.973606 0.585053 0.052788 0.056762
0 0.941574 0.112975 0.064828 0.046968
0 0.665023 0.861988 0.074483 0.051883
0 0.672499 0.546988 0.073370 0.053418
1 0.193046 0.751214 0.152518 0.106540
1 0.057955 0.703630 0.115909 0.162218
1 0.911385 0.942189 0.174922 0.115622
1 0.790951 0.223386 0.169466 0.124189
1 0.579151 0.228806 0.251323 0.211791
1 0.095462 0.421812 0.190924 0.295846
1 0.406466 0.629246 0.272629 0.230156
0 0.739567 0.536522 0.049366 0.036070
0 0.759135 0.754041 0.053448 0.041565
0 0.781168 0.910540 0.044786 0.033486
0 0.126592 0.064356 0.059663 0.041467
0 0.325060 0.213227 0.056893 0.043261
0 0.499903 0.453656 0.052355 0.038046
0 0.245612 0.204496 0.055399 0.046199
0 0.862110 0.777791 0.068167 0.052796
0 0.676900 0.984903 0.047270 0.029868
0 0.083176 0.349417 0.080352 0.056306
0 0.506967 0.139113 0.049426 0.039084
0 0.877381 0.336493 0.054868 0.040797
0 0.443422 0.505291 0.045149 0.034030
0 0.670257 0.680015 0.060727 0.046458
0 0.381995 0.554475 0.052961 0.043147
0 0.497379 0.067025 0.051382 0.038014
0 0.986313 0.416918 0.027374 0.047134
0 0.394125 0.851330 0.044404 0.033215
