0 0.585938 0.472483 0.021875 0.041667
0 0.713542 0.490538 0.031250 0.038889
0 0.594792 0.742622 0.031250 0.040278
0 0.751562 0.644705 0.028125 0.047222
0 0.054687 0.405121 0.036458 0.056944
0 0.146354 0.113455 0.038542 0.054167
0 0.739062 0.777344 0.051042 0.051389
0 0.372396 0.698177 0.044792 0.059722
1 0.587500 0.331510 0.095833 0.173611
1 0.189583 0.897005 0.158333 0.191667
1 0.516146 0.911241 0.182292 0.177517
1 0.439583 0.359418 0.077083 0.718837
1 0.854167 0.284288 0.291667 0.243056
1 0.472940 0.107578 0.235794 0.215156
1 0.447400 0.658353 0.106044 0.145571
0 0.613885 0.125449 0.045802 0.063149
1 0.109720 0.726156 0.159108 0.193500
1 0.071166 0.134770 0.141596 0.264478
1 0.960292 0.591434 0.078785 0.218165
