0 0.648958 0.404427 0.027083 0.027778
0 0.759896 0.132899 0.028125 0.029167
0 0.726042 0.324566 0.029167 0.043055
0 0.094271 0.107205 0.034375 0.041667
0 0.354167 0.831510 0.029167 0.051389
0 0.481771 0.788455 0.028125 0.056944
0 0.097396 0.314149 0.034375 0.050000
0 0.289583 0.848177 0.047917 0.059722
0 0.947396 0.957205 0.044792 0.066667
0 0.083333 0.785677 0.047917 0.065278
0 0.021354 0.327344 0.042708 0.090278
0 0.653125 0.828038 0.064583 0.066667
1 0.182292 0.541276 0.066667 0.144445
1 0.853646 0.650781 0.094792 0.130556
1 0.343229 0.450260 0.117708 0.147222
1 0.902083 0.454362 0.120833 0.150000
1 0.346875 0.225260 0.108333 0.180555
1 0.953646 0.635200 0.092708 0.240278
1 0.108854 0.210677 0.205208 0.137500
1 0.482813 0.578364 0.148958 0.216667
0 0.740616 0.163554 0.030816 0.043563
0 0.837167 0.285045 0.035128 0.046747
0 0.436228 0.891239 0.035697 0.048158
0 0.236492 0.980336 0.046029 0.039328
0 0.480425 0.888679 0.040900 0.050618
0 0.425642 0.014688 0.040312 0.029375
