0 0.412240 0.722396 0.030555 0.023958
0 0.380990 0.709896 0.037500 0.023958
0 0.542101 0.217188 0.043056 0.023958
0 0.037934 0.854688 0.034722 0.030208
0 0.497656 0.513542 0.031944 0.033333
0 0.449740 0.572917 0.030556 0.035417
0 0.101128 0.613542 0.033333 0.035417
0 0.421267 0.553125 0.034722 0.035417
0 0.533073 0.358333 0.047222 0.027083
0 0.076823 0.576042 0.034722 0.037500
0 0.485851 0.158333 0.041667 0.031250
0 0.128906 0.600000 0.033333 0.041667
0 0.648351 0.741146 0.044444 0.032292
0 0.869879 0.468750 0.043056 0.037500
0 0.765082 0.645833 0.047222 0.035417
0 0.951128 0.941146 0.044444 0.038542
0 0.771962 0.337500 0.044444 0.039583
0 0.632378 0.521875 0.043056 0.041667
0 0.843490 0.918750 0.048611 0.037500
0 0.072613 0.686979 0.041667 0.044792
0 0.673720 0.973438 0.070833 0.036458
0 0.450434 0.231771 0.056945 0.046875
0 0.110851 0.142708 0.052778 0.056250
0 0.384462 0.763021 0.077778 0.040625
0 0.265712 0.249479 0.062500 0.061458
0 0.173524 0.117188 0.068056 0.057292
0 0.811328 0.113542 0.069444 0.058333
1 0.774045 0.814063 0.145833 0.128125
1 0.463628 0.098437 0.188889 0.196875
1 0.727517 0.542708 0.338889 0.175000
1 0.264323 0.686979 0.301389 0.230208
1 0.801953 0.130208 0.396094 0.260417
