0 0.461929 0.687796 0.023674 0.036616
0 0.753596 0.254715 0.025568 0.034091
0 0.593084 0.038806 0.028409 0.039141
0 0.191096 0.865195 0.029356 0.040404
0 0.367705 0.262922 0.034091 0.035354
0 0.570357 0.026811 0.034091 0.035354
0 0.525849 0.836786 0.037879 0.041667
0 0.265906 0.118352 0.038826 0.041667
0 0.921209 0.815321 0.038826 0.041667
0 0.697724 0.394867 0.038826 0.046717
0 0.273008 0.598149 0.035985 0.059343
0 0.232289 0.774917 0.039773 0.054293
0 0.292421 0.696634 0.042614 0.059343
0 0.351607 0.879715 0.045455 0.059343
0 0.299524 0.433377 0.053030 0.055555
0 0.566045 0.967060 0.074781 0.065880
0 0.699802 0.583464 0.066358 0.087646
1 0.905620 0.922205 0.089933 0.133526
1 0.951750 0.171573 0.096036 0.132184
1 0.624891 0.792140 0.098395 0.146002
1 0.051441 0.312442 0.102881 0.142294
1 0.171756 0.618643 0.105403 0.142379
1 0.078253 0.546282 0.116463 0.129639
1 0.414403 0.705481 0.107934 0.162655
1 0.070074 0.122559 0.122602 0.146124
1 0.127914 0.827148 0.115804 0.159024
1 0.900483 0.474628 0.119540 0.163388
1 0.831740 0.138614 0.135766 0.156637
1 0.726027 0.865185 0.136532 0.189619
1 0.831452 0.677527 0.157180 0.183474
1 0.521352 0.418550 0.197949 0.230264
1 0.256086 0.224824 0.255574 0.304819
0 0.821360 0.357903 0.051260 0.070073
