0 0.122559 0.181737 0.020088 0.029570
0 0.758034 0.986866 0.023609 0.026265
0 0.054432 0.938493 0.022559 0.030103
0 0.147954 0.659715 0.022429 0.030412
0 0.027920 0.777831 0.022066 0.031154
0 0.083837 0.151402 0.022490 0.031150
0 0.076130 0.622729 0.022149 0.031842
0 0.273037 0.128483 0.023086 0.030871
0 0.106773 0.196728 0.023196 0.031804
0 0.081100 0.284850 0.023693 0.031293
0 0.907539 0.878755 0.023942 0.031720
0 0.210047 0.377377 0.023088 0.032954
0 0.408712 0.323614 0.023743 0.032422
0 0.491024 0.233440 0.023724 0.032726
0 0.048409 0.312899 0.023364 0.033536
0 0.277016 0.158034 0.023864 0.032900
0 0.230334 0.605857 0.024933 0.031496
0 0.081378 0.329323 0.024426 0.032357
0 0.840266 0.774750 0.023090 0.034401
0 0.057705 0.065776 0.025220 0.031762
0 0.888237 0.954510 0.023693 0.033870
0 0.256258 0.603760 0.024098 0.033391
0 0.189181 0.349450 0.023367 0.034547
0 0.092880 0.676395 0.024896 0.032632
0 0.198041 0.619452 0.023989 0.033870
0 0.130001 0.941840 0.024989 0.032535
0 0.435204 0.538035 0.023716 0.034446
0 0.481086 0.755826 0.023919 0.034167
0 0.259195 0.465664 0.023371 0.035014
0 0.341918 0.454601 0.023463 0.035071
0 0.831692 0.742873 0.025248 0.032730
0 0.171294 0.434761 0.024964 0.033161
0 0.693624 0.761167 0.023593 0.035438
0 0.444199 0.040558 0.024616 0.034068
0 0.537889 0.022022 0.025588 0.032781
0 0.535113 0.562238 0.024625 0.034651
0 0.051786 0.663534 0.026365 0.032724
0 0.313982 0.445330 0.025082 0.034535
0 0.232954 0.094519 0.025938 0.033499
0 0.360386 0.429407 0.025555 0.034124
0 0.037217 0.286484 0.024636 0.035718
0 0.207495 0.499791 0.025735 0.034216
0 0.123466 0.518151 0.024435 0.036040
0 0.645259 0.158153 0.027192 0.032449
0 0.925113 0.933321 0.024747 0.035705
0 0.485816 0.077915 0.025721 0.034408
0 0.512689 0.826180 0.025222 0.035187
0 0.296018 0.521108 0.025034 0.035630
0 0.355204 0.372367 0.026034 0.034348
0 0.423700 0.261034 0.025397 0.035277
0 0.180488 0.584297 0.025700 0.034982
0 0.103211 0.763236 0.025862 0.034793
0 0.285996 0.248984 0.025413 0.035744
0 0.572804 0.724048 0.025108 0.036627
0 0.123232 0.585581 0.025097 0.036794
0 0.041569 0.209203 0.026405 0.034985
0 0.580525 0.253048 0.025614 0.036177
0 0.081340 0.397645 0.026285 0.035626
0 0.320841 0.569386 0.025819 0.036583
0 0.275466 0.680858 0.028452 0.033399
0 0.328486 0.215855 0.026831 0.036065
0 0.487145 0.721297 0.026388 0.036698
0 0.507104 0.594467 0.026691 0.036646
0 0.445050 0.312393 0.025999 0.037881
0 0.130614 0.478326 0.026173 0.037863
0 0.632728 0.802357 0.027032 0.036690
0 0.569259 0.165709 0.027163 0.036575
0 0.142968 0.799383 0.026496 0.037890
0 0.366048 0.907235 0.027331 0.036786
0 0.744326 0.460595 0.027431 0.036928
0 0.099620 0.897838 0.027104 0.037488
0 0.599765 0.575611 0.027580 0.037087
0 0.113007 0.967432 0.026688 0.038354
0 0.733660 0.212555 0.027676 0.037080
0 0.176225 0.312397 0.027569 0.037392
0 0.683595 0.070646 0.027613 0.037781
0 0.716801 0.145423 0.028612 0.036725
0 0.799528 0.964987 0.028058 0.037498
0 0.382852 0.364625 0.029730 0.035413
0 0.014412 0.634906 0.028055 0.037679
0 0.588377 0.424946 0.027836 0.038343
0 0.467029 0.184408 0.028560 0.037375
0 0.252403 0.061527 0.028346 0.037765
0 0.846350 0.078551 0.028629 0.037607
0 0.235088 0.156630 0.026102 0.041559
0 0.394310 0.036915 0.028603 0.038312
0 0.730146 0.736021 0.027880 0.039466
0 0.208427 0.132509 0.028636 0.039296
0 0.593105 0.597672 0.030853 0.036503
0 0.653493 0.204645 0.028905 0.039365
0 0.478834 0.362482 0.029563 0.038497
0 0.132178 0.681167 0.028053 0.040735
0 0.933323 0.781693 0.029612 0.038732
0 0.177047 0.658318 0.030145 0.038277
0 0.496070 0.188277 0.030663 0.037632
0 0.755778 0.021006 0.030408 0.038007
0 0.247033 0.934877 0.029994 0.038653
0 0.670201 0.288941 0.028135 0.041590
0 0.506736 0.021948 0.031799 0.036838
0 0.249836 0.427537 0.031542 0.037431
0 0.240196 0.247646 0.029825 0.039786
0 0.260705 0.712822 0.030740 0.039030
0 0.709694 0.787456 0.031911 0.037833
0 0.987612 0.881747 0.024776 0.049313
0 0.758785 0.337391 0.029764 0.041110
0 0.054997 0.023057 0.028181 0.043994
0 0.441231 0.583102 0.029347 0.042655
0 0.683222 0.521942 0.030048 0.042069
0 0.380391 0.400898 0.031808 0.039925
0 0.799783 0.343309 0.031287 0.040855
0 0.333580 0.179765 0.029254 0.044005
0 0.535111 0.974330 0.030561 0.042291
0 0.633626 0.099898 0.031141 0.041653
0 0.926298 0.843409 0.030875 0.042214
0 0.817994 0.581219 0.031565 0.041675
0 0.973561 0.155473 0.030355 0.043633
0 0.605486 0.017739 0.037718 0.035477
0 0.636147 0.752570 0.032525 0.041197
0 0.496513 0.782973 0.033375 0.041658
0 0.840758 0.389915 0.034319 0.040676
0 0.608724 0.757738 0.034379 0.042506
0 0.872259 0.434321 0.035497 0.041170
0 0.185689 0.980702 0.038177 0.038597
0 0.452624 0.746895 0.033083 0.045508
0 0.415667 0.948557 0.036660 0.041618
0 0.532696 0.616216 0.035230 0.043367
0 0.329777 0.409415 0.035094 0.045629
0 0.614641 0.139898 0.032825 0.049050
0 0.954563 0.327629 0.034094 0.048930
0 0.775744 0.278984 0.035168 0.047619
0 0.955237 0.197568 0.038709 0.046309
0 0.742910 0.050905 0.036835 0.051410
0 0.777544 0.497405 0.045243 0.052621
0 0.709960 0.448269 0.044620 0.058987
1 0.032991 0.849137 0.065982 0.106875
1 0.173021 0.527859 0.083089 0.097752
1 0.868035 0.274703 0.088954 0.115999
1 0.413490 0.432714 0.073314 0.162920
1 0.952223 0.935125 0.093781 0.129750
1 0.524438 0.179211 0.076246 0.185077
1 0.675464 0.637341 0.214076 0.147279
1 0.911046 0.635386 0.167155 0.271098
1 0.460580 0.916202 0.275954 0.167595
1 0.308895 0.796351 0.202346 0.238514
1 0.632454 0.899316 0.356794 0.183773
0 0.441783 0.849925 0.029348 0.037643
0 0.675917 0.846268 0.024586 0.033994
0 0.809248 0.716796 0.043676 0.055053
0 0.278570 0.208228 0.024343 0.033201
0 0.576139 0.573629 0.030836 0.039140
0 0.273734 0.093908 0.027474 0.036319
0 0.040966 0.439457 0.023345 0.033014
0 0.216060 0.547926 0.029463 0.042717
0 0.247296 0.306102 0.022967 0.031927
0 0.029223 0.570269 0.028156 0.040732
0 0.278151 0.765655 0.033090 0.045790
0 0.322891 0.989216 0.034888 0.021567
0 0.332368 0.507217 0.026242 0.036996
0 0.253370 0.196611 0.035649 0.046935
0 0.076532 0.058155 0.023045 0.030242
0 0.247080 0.648403 0.024572 0.033342
0 0.020763 0.242463 0.030060 0.039935
0 0.162351 0.344676 0.027167 0.037554
0 0.709107 0.984749 0.037235 0.030502
0 0.049705 0.787607 0.024545 0.032317
0 0.785126 0.759325 0.056984 0.063314
0 0.837932 0.184741 0.034849 0.043954
0 0.384355 0.694912 0.037025 0.044450
0 0.290887 0.706803 0.035262 0.047662
0 0.296399 0.988243 0.034163 0.023515
0 0.924327 0.456006 0.049874 0.063487
0 0.317228 0.100055 0.027094 0.040230
0 0.608156 0.868121 0.025087 0.032991
0 0.039599 0.710142 0.035009 0.041116
0 0.521023 0.990508 0.033542 0.018587
0 0.416418 0.009492 0.029650 0.018984
0 0.559773 0.712094 0.027441 0.037277
0 0.090897 0.618258 0.023455 0.034738
0 0.531164 0.747038 0.030779 0.044108
0 0.572804 0.975182 0.026607 0.037393
0 0.359525 0.531576 0.043170 0.055126
0 0.473612 0.049033 0.029183 0.037945
0 0.074235 0.649638 0.021869 0.030617
0 0.445377 0.874250 0.032056 0.043330
0 0.396779 0.856393 0.031301 0.040668
0 0.584213 0.798918 0.038980 0.049059
0 0.331667 0.078209 0.023577 0.032797
0 0.466084 0.009849 0.032217 0.019697
0 0.054259 0.220068 0.022264 0.029822
0 0.032709 0.082738 0.026090 0.036488
0 0.876958 0.130001 0.044293 0.054076
0 0.266748 0.653764 0.027083 0.037338
0 0.058523 0.619728 0.022417 0.030248
0 0.008546 0.327360 0.017092 0.045402
0 0.584819 0.101581 0.032636 0.041816
0 0.103726 0.410527 0.025622 0.037373
0 0.312378 0.023281 0.030589 0.046219
0 0.076713 0.956194 0.025478 0.038395
1 0.020484 0.164518 0.040967 0.148640
0 0.241029 0.982234 0.027063 0.034145
0 0.191232 0.837916 0.031014 0.041991
0 0.777411 0.991142 0.024682 0.017716
1 0.155521 0.067165 0.099521 0.126441
0 0.595897 0.077855 0.037112 0.049247
