0 0.740104 0.523871 0.026042 0.030556
0 0.541146 0.860677 0.019792 0.043055
0 0.701042 0.607899 0.027083 0.034722
0 0.652083 0.553733 0.027083 0.045833
0 0.069792 0.366971 0.031250 0.040278
0 0.420312 0.194640 0.026042 0.050000
0 0.773437 0.487760 0.032292 0.041667
0 0.804167 0.461371 0.029167 0.047222
0 0.678646 0.417144 0.034375 0.048611
0 0.079687 0.762391 0.026042 0.068056
0 0.828646 0.896788 0.042708 0.043056
0 0.277604 0.542621 0.038542 0.048611
0 0.682292 0.955642 0.033333 0.059722
0 0.353646 0.947483 0.042708 0.050000
0 0.781771 0.872483 0.044792 0.052778
0 0.490104 0.594705 0.044792 0.058333
0 0.826562 0.309288 0.051042 0.079167
1 0.174479 0.925955 0.115625 0.109722
1 0.934375 0.098177 0.131250 0.193055
1 0.220833 0.234983 0.139583 0.222222
1 0.170833 0.705122 0.160417 0.298611
1 0.893750 0.689149 0.200000 0.244444
1 0.528125 0.262066 0.264583 0.356944
0 0.797665 0.251803 0.043182 0.065881
0 0.846002 0.178300 0.050353 0.064752
