1 0.381565 0.725963 0.142979 0.170019
1 0.525147 0.207378 0.346947 0.414757
1 0.933902 0.478947 0.126493 0.181487
1 0.249557 0.921858 0.163095 0.156285
1 0.927149 0.856626 0.143096 0.255894
0 0.516070 0.544528 0.056488 0.073247
1 0.049576 0.352128 0.097683 0.190724
1 0.701114 0.787893 0.235346 0.279857
1 0.314851 0.504891 0.213454 0.278357
1 0.796106 0.440208 0.120551 0.152137
1 0.560794 0.837085 0.261473 0.316554
1 0.776900 0.878164 0.200204 0.238480
1 0.068045 0.220724 0.105710 0.132733
0 0.945268 0.170750 0.033144 0.047980
0 0.951423 0.127821 0.022727 0.032828
0 0.728412 0.302064 0.052083 0.040404
0 0.630874 0.222518 0.052083 0.047980
0 0.092522 0.961786 0.043561 0.056818
0 0.050855 0.899286 0.028409 0.047980
0 0.082579 0.810271 0.042614 0.041667
0 0.195268 0.687796 0.021780 0.049242
0 0.216575 0.714942 0.030303 0.042929
0 0.082579 0.577316 0.029356 0.063131
0 0.151234 0.482619 0.037879 0.042929
0 0.387503 0.300170 0.036932 0.041667
0 0.587314 0.287543 0.052083 0.044192
