0 0.244271 0.356510 0.019792 0.034722
0 0.729687 0.226866 0.030208 0.051389
0 0.904687 0.023871 0.042708 0.044444
0 0.839583 0.214084 0.043750 0.044444
0 0.219792 0.282530 0.037500 0.052778
0 0.661458 0.946788 0.039583 0.054167
0 0.183854 0.703038 0.032292 0.069444
0 0.717708 0.122483 0.047917 0.050000
0 0.418229 0.520399 0.038542 0.065278
0 0.023958 0.173871 0.033333 0.077778
0 0.044271 0.072483 0.051042 0.052778
0 0.129687 0.162760 0.042708 0.066667
0 0.691146 0.738455 0.046875 0.062500
0 0.755729 0.931510 0.061458 0.048611
0 0.050521 0.810720 0.036458 0.086111
0 0.596354 0.466927 0.071875 0.047222
0 0.536458 0.400781 0.054167 0.066667
0 0.210937 0.488455 0.055208 0.076389
1 0.406771 0.300955 0.151042 0.151389
1 0.250000 0.079297 0.256250 0.158594
1 0.637500 0.191233 0.191667 0.223611
1 0.111979 0.471094 0.163542 0.269444
0 0.907993 0.405539 0.052323 0.069818
0 0.236842 0.347201 0.046039 0.062542
