0 0.491566 0.423942 0.034611 0.024917
0 0.913914 0.611974 0.035294 0.025114
0 0.966590 0.381903 0.036339 0.025721
0 0.828200 0.783647 0.036579 0.026093
0 0.316777 0.756033 0.037219 0.026614
0 0.931607 0.525856 0.037042 0.027080
0 0.239081 0.113391 0.036152 0.027838
0 0.748607 0.722690 0.038015 0.026762
0 0.527064 0.050226 0.038081 0.027722
0 0.814810 0.433317 0.037340 0.028442
0 0.522648 0.834604 0.039164 0.027138
0 0.191464 0.882477 0.038217 0.027860
0 0.539378 0.721335 0.038645 0.027593
0 0.687743 0.515768 0.037071 0.029025
0 0.277278 0.278759 0.037271 0.028912
0 0.272465 0.918642 0.037461 0.028883
0 0.620283 0.646901 0.037818 0.028624
0 0.242743 0.139343 0.038430 0.028436
0 0.878224 0.454599 0.039107 0.028318
0 0.766297 0.581961 0.038303 0.029191
0 0.693690 0.324442 0.039196 0.028583
0 0.779121 0.653858 0.038177 0.029374
0 0.326603 0.015289 0.037607 0.029824
0 0.576015 0.481444 0.040114 0.027991
0 0.953606 0.607812 0.038832 0.029098
0 0.080790 0.924087 0.039328 0.028904
0 0.118121 0.059618 0.038675 0.029526
0 0.403507 0.950131 0.041522 0.027736
0 0.760291 0.471499 0.039477 0.029221
0 0.883501 0.624783 0.038766 0.029800
0 0.528723 0.702936 0.038465 0.030181
0 0.395456 0.052424 0.038711 0.030324
0 0.848079 0.968962 0.040982 0.028844
0 0.736412 0.628421 0.038987 0.030604
0 0.616481 0.781708 0.039514 0.030367
0 0.939490 0.367886 0.039536 0.031042
0 0.930842 0.329524 0.041175 0.030028
0 0.366163 0.049656 0.040726 0.030394
0 0.485181 0.804719 0.042772 0.030695
0 0.445574 0.415365 0.043317 0.030871
0 0.138547 0.573704 0.040439 0.033334
0 0.721807 0.688486 0.042519 0.032017
0 0.300506 0.186901 0.042634 0.031955
0 0.828537 0.368792 0.044155 0.031104
0 0.644017 0.171083 0.046330 0.029665
0 0.553301 0.882909 0.043458 0.031792
0 0.613948 0.194906 0.042143 0.032837
0 0.264415 0.607806 0.043460 0.032009
0 0.379949 0.526148 0.042472 0.032903
0 0.341456 0.765221 0.044610 0.032339
0 0.954607 0.978435 0.043356 0.033708
0 0.628934 0.499284 0.043518 0.033611
0 0.027965 0.160588 0.046229 0.032270
0 0.478780 0.924954 0.044942 0.033998
0 0.937869 0.947907 0.045246 0.034033
0 0.320319 0.061643 0.050182 0.032126
0 0.902494 0.736117 0.042720 0.038742
0 0.130364 0.488421 0.048444 0.034416
0 0.856667 0.711598 0.044384 0.037819
0 0.745384 0.367070 0.050077 0.034922
0 0.565754 0.228914 0.045243 0.039525
0 0.081132 0.449909 0.052284 0.035075
0 0.792156 0.767475 0.047763 0.038716
0 0.467443 0.731776 0.049222 0.038165
0 0.521735 0.662682 0.050455 0.037776
0 0.769801 0.543030 0.050901 0.038800
0 0.491511 0.364475 0.051809 0.039121
0 0.718942 0.658447 0.049714 0.040896
0 0.237170 0.068269 0.054950 0.037735
1 0.818167 0.309000 0.196000 0.315000
1 0.510167 0.377000 0.297333 0.251000
0 0.041115 0.697828 0.053365 0.040546
0 0.515438 0.878977 0.047099 0.034483
0 0.704832 0.230370 0.043578 0.030918
0 0.656839 0.540676 0.041285 0.030805
0 0.600645 0.409233 0.045117 0.032292
0 0.562667 0.067659 0.043211 0.032290
0 0.704180 0.210748 0.035768 0.025716
0 0.277222 0.744448 0.042902 0.030720
0 0.584788 0.907057 0.040402 0.028958
0 0.817934 0.308361 0.046874 0.035368
0 0.772362 0.977929 0.036640 0.026409
0 0.303715 0.905715 0.046246 0.033506
0 0.544551 0.969168 0.049632 0.037529
0 0.863128 0.846076 0.035638 0.027177
0 0.297291 0.619078 0.040200 0.029020
0 0.447242 0.821924 0.037255 0.027267
0 0.514724 0.529721 0.036566 0.026495
0 0.977716 0.892555 0.031621 0.023667
0 0.052488 0.347151 0.042635 0.032393
0 0.987328 0.451771 0.025344 0.024154
0 0.673515 0.476751 0.038646 0.029031
0 0.987027 0.667519 0.025946 0.032133
0 0.129286 0.327643 0.050035 0.036913
0 0.437739 0.150957 0.047078 0.034906
0 0.759258 0.882871 0.037847 0.028094
0 0.223936 0.168521 0.046582 0.034526
0 0.433793 0.644039 0.041387 0.029481
0 0.871363 0.585458 0.060623 0.039929
0 0.662172 0.233374 0.034686 0.026348
0 0.709909 0.378900 0.041937 0.029790
0 0.780762 0.291535 0.037423 0.026311
0 0.060278 0.987310 0.043576 0.025381
0 0.959452 0.701676 0.036550 0.028761
0 0.025602 0.642118 0.047424 0.048613
0 0.908047 0.563789 0.032940 0.025018
0 0.083649 0.013311 0.054892 0.026311
0 0.738472 0.613062 0.037218 0.026239
0 0.718191 0.837474 0.040268 0.029899
