0 0.104463 0.223204 0.034091 0.045455
0 0.454210 0.963734 0.046717 0.035985
0 0.780599 0.744984 0.042929 0.043561
0 0.063427 0.231726 0.042929 0.043561
0 0.298276 0.451897 0.075758 0.025568
0 0.351937 0.032863 0.054293 0.037879
0 0.322897 0.298014 0.059344 0.037879
0 0.863932 0.337314 0.040404 0.055871
0 0.154336 0.055590 0.058081 0.039773
0 0.440953 0.200003 0.063131 0.046402
0 0.930220 0.924908 0.077020 0.047349
0 0.831596 0.553691 0.101413 0.078506
1 0.953846 0.494395 0.092309 0.108380
1 0.199814 0.532767 0.118260 0.097353
1 0.642877 0.550002 0.121610 0.100668
1 0.044903 0.379422 0.089806 0.149316
1 0.766247 0.918113 0.144017 0.111356
1 0.450593 0.609336 0.160878 0.120267
1 0.700195 0.265225 0.181813 0.113983
1 0.082115 0.584703 0.164229 0.146852
1 0.613739 0.153858 0.190409 0.128889
1 0.575448 0.723389 0.218437 0.153402
1 0.338178 0.383520 0.231998 0.196574
1 0.297582 0.738797 0.255862 0.220065
0 0.702833 0.587277 0.062043 0.045521
1 0.962442 0.318833 0.075117 0.148791
0 0.682414 0.774268 0.048669 0.036043
