0 0.305990 0.257812 0.020833 0.034375
0 0.465191 0.840104 0.037500 0.019792
0 0.312934 0.220313 0.031945 0.023958
0 0.492578 0.854167 0.037500 0.022917
0 0.281684 0.277604 0.030556 0.028125
0 0.294878 0.193229 0.031944 0.030208
0 0.499045 0.530729 0.040278 0.026042
0 0.799045 0.916146 0.031944 0.034375
0 0.479601 0.803646 0.054167 0.021875
0 0.424045 0.479688 0.043056 0.032292
0 0.597613 0.425521 0.052778 0.028125
0 0.685851 0.319792 0.036111 0.041667
0 0.608767 0.658333 0.043055 0.037500
0 0.349045 0.518750 0.045833 0.035417
0 0.650434 0.312500 0.040278 0.041667
0 0.309462 0.041146 0.038889 0.044792
0 0.767101 0.300000 0.034722 0.056250
0 0.799805 0.427083 0.047222 0.043750
0 0.978342 0.093229 0.043316 0.051042
0 0.745942 0.468750 0.056944 0.066667
1 0.485851 0.669792 0.141667 0.104167
1 0.276823 0.571354 0.190278 0.128125
1 0.649045 0.775521 0.170833 0.151042
1 0.163628 0.866667 0.238889 0.177083
1 0.557378 0.080729 0.359722 0.161458
1 0.493137 0.938756 0.232716 0.121915
1 0.925985 0.582760 0.147059 0.164308
0 0.073167 0.292296 0.062071 0.045235
0 0.353081 0.473874 0.056172 0.045934
0 0.281342 0.243392 0.066210 0.047876
0 0.168830 0.732511 0.054814 0.043841
