1 0.160158 0.646775 0.235759 0.261776
1 0.117172 0.285578 0.213373 0.252154
1 0.859625 0.857635 0.133586 0.189610
1 0.267094 0.919759 0.212183 0.160482
1 0.800782 0.437009 0.134095 0.146487
1 0.543022 0.413551 0.114255 0.153905
1 0.939137 0.609084 0.118556 0.173711
1 0.046474 0.584691 0.092948 0.377495
1 0.666797 0.052631 0.144096 0.105261
1 0.953232 0.057622 0.093536 0.115243
1 0.976661 0.690095 0.046678 0.143361
1 0.263541 0.961663 0.246754 0.076674
1 0.793335 0.610987 0.114450 0.144597
1 0.959793 0.215484 0.080415 0.209053
1 0.773698 0.035149 0.129058 0.069467
1 0.963167 0.394241 0.073666 0.230709
1 0.968899 0.657266 0.060937 0.250885
1 0.947346 0.936379 0.105307 0.127242
1 0.716565 0.067006 0.267135 0.133962
1 0.324500 0.289917 0.102000 0.165333
1 0.042250 0.865250 0.084500 0.145333
