0 0.235417 0.823872 0.029167 0.036111
0 0.277083 0.614844 0.027083 0.054167
0 0.228125 0.777344 0.037500 0.043056
0 0.263021 0.863455 0.030208 0.054167
0 0.618750 0.898112 0.029167 0.056944
0 0.044792 0.253082 0.025000 0.068056
0 0.590104 0.864475 0.032292 0.061111
0 0.329167 0.556510 0.043750 0.048611
0 0.534896 0.584983 0.046875 0.047222
0 0.046875 0.823177 0.041667 0.059722
0 0.253125 0.316927 0.045833 0.055556
0 0.342188 0.333594 0.044792 0.058333
0 0.634375 0.085677 0.047917 0.059722
0 0.477083 0.371788 0.052083 0.059722
0 0.519271 0.628733 0.076042 0.043056
0 0.384896 0.700260 0.046875 0.072222
0 0.680208 0.897700 0.037500 0.090278
0 0.976042 0.486892 0.047917 0.080556
0 0.299479 0.207899 0.057292 0.076389
0 0.494271 0.681510 0.063542 0.070833
0 0.578125 0.450955 0.058333 0.081944
0 0.259375 0.566233 0.052083 0.098611
1 0.147396 0.662066 0.107292 0.154167
1 0.902083 0.176649 0.183333 0.188889
1 0.167708 0.102908 0.193750 0.205816
1 0.870833 0.699566 0.193750 0.226389
1 0.701404 0.634701 0.146108 0.166506
0 0.454828 0.477107 0.040894 0.052239
