0 0.184940 0.781901 0.032197 0.036616
0 0.656058 0.209931 0.038826 0.039141
0 0.163633 0.650588 0.040720 0.046717
0 0.414580 0.879755 0.046402 0.045455
0 0.577933 0.317886 0.041667 0.055556
0 0.336455 0.077987 0.047349 0.055556
0 0.056300 0.208462 0.042875 0.061765
0 0.041001 0.628492 0.053030 0.053030
1 0.763467 0.047738 0.094225 0.095476
1 0.587493 0.951398 0.139650 0.097205
1 0.044720 0.923563 0.089441 0.152874
1 0.657004 0.543124 0.101363 0.141089
1 0.949857 0.926039 0.099472 0.147923
1 0.177137 0.391754 0.099950 0.149580
1 0.277249 0.515330 0.103203 0.145233
1 0.281426 0.835634 0.106573 0.141858
1 0.948591 0.303814 0.101020 0.169244
1 0.616388 0.781240 0.117662 0.145676
1 0.783283 0.610609 0.131567 0.137166
1 0.733743 0.166851 0.128028 0.151534
1 0.372508 0.634388 0.120366 0.178788
1 0.932112 0.143042 0.135777 0.161507
1 0.366113 0.220718 0.141781 0.155562
1 0.794543 0.487471 0.140810 0.157228
1 0.286791 0.365899 0.127195 0.175200
1 0.889722 0.442117 0.149080 0.167427
0 0.920490 0.944568 0.038262 0.049728
1 0.635804 0.034332 0.170297 0.068664
1 0.037643 0.745643 0.075286 0.158151
1 0.127298 0.750175 0.105489 0.147149
