0 0.099566 0.238021 0.023611 0.026042
0 0.749566 0.447396 0.023611 0.028125
0 0.155859 0.215625 0.034722 0.022917
0 0.287391 0.861979 0.045833 0.028125
0 0.195616 0.802083 0.050000 0.041667
0 0.380816 0.980208 0.075000 0.031250
0 0.621788 0.744792 0.062500 0.039583
0 0.475260 0.773958 0.066667 0.037500
0 0.357899 0.857812 0.045833 0.063542
0 0.267556 0.761458 0.059722 0.054167
1 0.769705 0.841667 0.066667 0.058333
0 0.840365 0.092708 0.090278 0.072917
1 0.741233 0.908854 0.109722 0.071875
1 0.410677 0.069271 0.131944 0.084375
1 0.569705 0.144792 0.113889 0.116667
1 0.888455 0.825521 0.112500 0.119792
1 0.305816 0.510937 0.133333 0.105208
1 0.930686 0.401042 0.138628 0.185417
1 0.544705 0.626563 0.169444 0.153125
1 0.375955 0.269271 0.206944 0.136458
0 0.096916 0.785426 0.063001 0.046366
0 0.117536 0.135445 0.075385 0.060786
