0 0.046875 0.419184 0.027083 0.055555
0 0.412500 0.672656 0.031250 0.054167
0 0.705208 0.978342 0.043750 0.043316
0 0.121354 0.767101 0.036458 0.054167
0 0.885938 0.246224 0.040625 0.061111
0 0.700000 0.905990 0.045833 0.056944
0 0.628646 0.409831 0.046875 0.059722
0 0.466146 0.360916 0.046875 0.063889
0 0.256250 0.402995 0.043750 0.072222
0 0.768750 0.727517 0.050000 0.066667
0 0.030208 0.108073 0.041667 0.080556
0 0.057292 0.805295 0.043750 0.077778
0 0.521354 0.567274 0.053125 0.069444
0 0.688542 0.128212 0.058333 0.065278
0 0.347396 0.153212 0.051042 0.076389
0 0.740104 0.517795 0.042708 0.091667
0 0.663542 0.505990 0.047917 0.090278
0 0.803125 0.232378 0.056250 0.079167
1 0.123438 0.422656 0.103125 0.198611
1 0.901563 0.910286 0.180208 0.179427
1 0.919792 0.569184 0.160417 0.372222
1 0.238382 0.662356 0.168245 0.218819
0 0.085872 0.759519 0.043904 0.058983
1 0.326561 0.847879 0.127427 0.168421
