0 0.523871 0.740104 0.030556 0.026042
0 0.860677 0.541146 0.043055 0.019792
0 0.607899 0.701042 0.034722 0.027083
0 0.553733 0.652083 0.045833 0.027083
0 0.366971 0.069792 0.040278 0.031250
0 0.194640 0.420312 0.050000 0.026042
0 0.487760 0.773437 0.041667 0.032292
0 0.461371 0.804167 0.047222 0.029167
0 0.417144 0.678646 0.048611 0.034375
0 0.762391 0.079687 0.068056 0.026042
0 0.896788 0.828646 0.043056 0.042708
0 0.542621 0.277604 0.048611 0.038542
0 0.955642 0.682292 0.059722 0.033333
0 0.947483 0.353646 0.050000 0.042708
0 0.872483 0.781771 0.052778 0.044792
0 0.594705 0.490104 0.058333 0.044792
0 0.309288 0.826562 0.079167 0.051042
1 0.925955 0.174479 0.109722 0.115625
1 0.098177 0.934375 0.193055 0.131250
1 0.234983 0.220833 0.222222 0.139583
1 0.705122 0.170833 0.298611 0.160417
1 0.689149 0.893750 0.244444 0.200000
1 0.262066 0.528125 0.356944 0.264583
0 0.252015 0.801486 0.066143 0.047457
0 0.176811 0.846995 0.068545 0.050433
1 0.400806 0.143969 0.187203 0.121664
0 0.975000 0.888137 0.049881 0.047229
