0 0.527517 0.414062 0.041667 0.021875
0 0.509462 0.286458 0.038889 0.031250
0 0.257378 0.405208 0.040278 0.031250
0 0.355295 0.248438 0.047222 0.028125
0 0.594879 0.945313 0.056944 0.036458
0 0.886545 0.853646 0.054167 0.038542
0 0.222656 0.260938 0.051389 0.051042
0 0.301823 0.627604 0.059722 0.044792
1 0.668490 0.412500 0.173611 0.095833
1 0.102995 0.810417 0.191667 0.158333
1 0.088759 0.483854 0.177517 0.182292
1 0.640582 0.560417 0.718837 0.077083
1 0.715712 0.145833 0.243056 0.291667
1 0.898459 0.524475 0.201095 0.222599
1 0.276401 0.885695 0.199001 0.159702
0 0.875534 0.386780 0.067283 0.045068
