0 0.414947 0.973606 0.056762 0.052788
0 0.887025 0.941574 0.046968 0.064828
0 0.138012 0.665023 0.051883 0.074483
0 0.453012 0.672499 0.053418 0.073370
1 0.248786 0.193046 0.106540 0.152518
1 0.296370 0.057955 0.162218 0.115909
1 0.057811 0.911385 0.115622 0.174922
1 0.776614 0.790951 0.124189 0.169466
1 0.771194 0.579151 0.211791 0.251323
1 0.578188 0.095462 0.295846 0.190924
1 0.370754 0.406466 0.230156 0.272629
0 0.462968 0.738745 0.037543 0.050065
0 0.246241 0.758581 0.040603 0.053141
0 0.089482 0.780147 0.034393 0.045516
0 0.219189 0.542132 0.033894 0.045490
0 0.935725 0.126897 0.041678 0.058622
0 0.221023 0.863251 0.049676 0.063146
0 0.528248 0.419494 0.043002 0.057882
0 0.786726 0.326834 0.045657 0.058739
0 0.796183 0.245927 0.045765 0.054663
0 0.494505 0.444822 0.033721 0.046552
0 0.014849 0.676048 0.029067 0.044898
0 0.149074 0.393997 0.035922 0.047725
0 0.860992 0.507050 0.038100 0.048252
0 0.663791 0.877263 0.041837 0.054481
0 0.338390 0.810116 0.038290 0.049849
0 0.582398 0.986015 0.043254 0.027769
0 0.140113 0.267377 0.036818 0.049074
0 0.975082 0.542139 0.035029 0.045905
0 0.932994 0.498029 0.038045 0.052632
