3 0.068750 0.749045 0.137500 0.206944
3 0.310417 0.188628 0.175000 0.166667
3 0.601563 0.778906 0.094792 0.216667
3 0.865625 0.790712 0.095833 0.195833
3 0.116667 0.949175 0.166667 0.101649
3 0.382813 0.705990 0.107292 0.143056
3 0.359375 0.916536 0.120833 0.166927
3 0.847917 0.187240 0.156250 0.130556
2 0.562500 0.340712 0.043750 0.056944
2 0.500521 0.436545 0.044792 0.076389
2 0.388021 0.577517 0.046875 0.077778
2 0.158854 0.678385 0.051042 0.061111
2 0.219271 0.366189 0.048958 0.048611
2 0.539583 0.072027 0.056250 0.063889
2 0.964063 0.197331 0.038542 0.059722
2 0.947396 0.719141 0.044792 0.073611
2 0.740104 0.864323 0.038542 0.056945
2 0.775521 0.685851 0.042708 0.063889
2 0.895833 0.553212 0.035417 0.056944
2 0.895833 0.434462 0.039583 0.058333
2 0.155208 0.088628 0.047917 0.061111
2 0.674479 0.964453 0.036458 0.071094
