2 0.513542 0.497656 0.033333 0.031944
2 0.553125 0.421267 0.035417 0.034722
2 0.572917 0.449740 0.035417 0.030556
2 0.763021 0.384462 0.040625 0.077778
2 0.231771 0.450434 0.046875 0.056945
2 0.249479 0.265712 0.061458 0.062500
2 0.468750 0.869879 0.037500 0.043056
2 0.337500 0.771962 0.039583 0.044444
2 0.158333 0.485851 0.031250 0.041667
2 0.854688 0.037934 0.030208 0.034722
2 0.142708 0.110851 0.056250 0.052778
2 0.117188 0.173524 0.057292 0.068056
2 0.113542 0.811328 0.058333 0.069444
2 0.645833 0.765082 0.035417 0.047222
2 0.973438 0.673720 0.036458 0.070833
2 0.686979 0.072613 0.044792 0.041667
2 0.576042 0.076823 0.037500 0.034722
2 0.613542 0.101128 0.035417 0.033333
2 0.600000 0.128906 0.041667 0.033333
2 0.358333 0.533073 0.027083 0.047222
2 0.521875 0.632378 0.041667 0.043056
2 0.741146 0.648351 0.032292 0.044444
2 0.941146 0.951128 0.038542 0.044444
2 0.918750 0.843490 0.037500 0.048611
2 0.217188 0.542101 0.023958 0.043056
2 0.722396 0.412240 0.023958 0.030555
2 0.709896 0.380990 0.023958 0.037500
3 0.686979 0.264323 0.230208 0.301389
3 0.130208 0.801953 0.260417 0.396094
3 0.542708 0.727517 0.175000 0.338889
3 0.098437 0.463628 0.196875 0.188889
3 0.814063 0.774045 0.128125 0.145833
