0 0.628689 0.248437 0.065278 0.023958
0 0.876823 0.713542 0.054167 0.035417
0 0.637413 0.209896 0.051389 0.044792
0 0.622656 0.900521 0.073611 0.032292
0 0.572721 0.601562 0.056944 0.046875
0 0.485156 0.953125 0.065278 0.041667
0 0.949696 0.508854 0.068056 0.042708
0 0.536220 0.574479 0.065278 0.048958
0 0.285851 0.272396 0.063889 0.051042
0 0.078906 0.909896 0.069444 0.057292
0 0.225434 0.918229 0.093056 0.046875
0 0.760851 0.218229 0.083333 0.053125
0 0.330295 0.446875 0.066667 0.087500
0 0.448351 0.160417 0.083333 0.083333
0 0.261545 0.424479 0.073611 0.094792
0 0.211545 0.329167 0.109722 0.075000
1 0.455990 0.503646 0.120833 0.101042
1 0.164323 0.755208 0.298611 0.162500
1 0.205425 0.107292 0.410851 0.214583
