0 0.406901 0.771026 0.023990 0.021780
0 0.725714 0.950476 0.042929 0.020833
0 0.884233 0.149340 0.034091 0.026515
0 0.347222 0.048488 0.031566 0.031250
0 0.216876 0.035704 0.035353 0.032197
0 0.035058 0.840628 0.037879 0.035985
0 0.651851 0.899340 0.046717 0.032197
0 0.105133 0.927276 0.051768 0.029356
0 0.672053 0.655495 0.041667 0.036932
0 0.622179 0.696215 0.050505 0.031250
0 0.513593 0.851045 0.045455 0.035985
0 0.299676 0.074529 0.031566 0.053030
0 0.318517 0.683431 0.046717 0.035985
0 0.663707 0.022920 0.054293 0.031250
0 0.452356 0.554643 0.059343 0.030303
0 0.463719 0.357200 0.041667 0.044508
0 0.310310 0.813166 0.053030 0.035985
0 0.393880 0.424435 0.049242 0.038826
0 0.184679 0.811272 0.054293 0.035985
0 0.845664 0.645079 0.053030 0.036932
0 0.768012 0.310798 0.049242 0.042614
0 0.694780 0.462787 0.056818 0.037879
0 0.855133 0.431537 0.046717 0.049243
0 0.331143 0.854359 0.054293 0.052083
0 0.343138 0.965628 0.103535 0.051136
1 0.121512 0.606341 0.182407 0.121462
1 0.137933 0.724213 0.172984 0.134893
1 0.092992 0.148654 0.180381 0.147311
1 0.811666 0.294739 0.188079 0.146954
1 0.531888 0.840654 0.482207 0.318692
1 0.240622 0.341801 0.481244 0.391848
0 0.070705 0.864296 0.055095 0.041445
1 0.695830 0.092816 0.276022 0.185632
0 0.061733 0.824443 0.053376 0.039814
0 0.790178 0.598591 0.062608 0.046982
1 0.604536 0.318632 0.422597 0.354290
