0 0.419184 0.953125 0.055555 0.027083
0 0.672656 0.587500 0.054167 0.031250
0 0.978342 0.294792 0.043316 0.043750
0 0.767101 0.878646 0.054167 0.036458
0 0.246224 0.114062 0.061111 0.040625
0 0.905990 0.300000 0.056944 0.045833
0 0.409831 0.371354 0.059722 0.046875
0 0.360916 0.533854 0.063889 0.046875
0 0.402995 0.743750 0.072222 0.043750
0 0.727517 0.231250 0.066667 0.050000
0 0.108073 0.969792 0.080556 0.041667
0 0.805295 0.942708 0.077778 0.043750
0 0.567274 0.478646 0.069444 0.053125
0 0.128212 0.311458 0.065278 0.058333
0 0.153212 0.652604 0.076389 0.051042
0 0.517795 0.259896 0.091667 0.042708
0 0.505990 0.336458 0.090278 0.047917
0 0.232378 0.196875 0.079167 0.056250
1 0.422656 0.876562 0.198611 0.103125
1 0.910286 0.098437 0.179427 0.180208
1 0.569184 0.080208 0.372222 0.160417
0 0.757246 0.914944 0.067767 0.046574
1 0.660505 0.760698 0.215376 0.169797
1 0.094032 0.795913 0.166443 0.157227
1 0.225149 0.078307 0.175425 0.131279
0 0.075596 0.692732 0.069156 0.048983
