0 0.608385 0.594208 0.030832 0.039199
0 0.609557 0.961530 0.028502 0.039278
0 0.586977 0.679933 0.025993 0.036056
0 0.597045 0.874777 0.032387 0.050233
0 0.575847 0.714007 0.032733 0.046747
0 0.056991 0.201905 0.032174 0.040483
0 0.049650 0.237474 0.027742 0.041112
1 0.648047 0.761273 0.279655 0.428509
0 0.092185 0.254444 0.028592 0.038658
0 0.609170 0.565257 0.028787 0.037424
0 0.251940 0.227518 0.029297 0.036708
0 0.175258 0.263299 0.031609 0.046454
0 0.118908 0.287384 0.035650 0.049526
0 0.590463 0.939362 0.031969 0.042177
0 0.472385 0.191782 0.027872 0.036782
0 0.611563 0.934923 0.028232 0.037328
0 0.641382 0.840572 0.033665 0.042377
0 0.752633 0.955932 0.036396 0.049029
0 0.083660 0.268810 0.029432 0.037434
0 0.678392 0.889096 0.032117 0.042184
0 0.603358 0.825699 0.026338 0.036415
0 0.489827 0.908669 0.038926 0.051025
