0 0.678886 0.026718 0.042867 0.053136
0 0.717241 0.656794 0.044356 0.059929
0 0.173573 0.924295 0.039717 0.053631
0 0.453753 0.743610 0.035264 0.048348
0 0.166810 0.757370 0.040052 0.057422
0 0.627660 0.630342 0.039407 0.051881
0 0.224490 0.499452 0.034235 0.046922
0 0.541996 0.927509 0.038098 0.050703
0 0.475027 0.605225 0.036251 0.049421
1 0.547560 0.797791 0.113584 0.163507
0 0.970229 0.808443 0.047084 0.061428
0 0.313385 0.969543 0.039927 0.051533
0 0.623803 0.090423 0.038696 0.054331
0 0.917989 0.896962 0.041179 0.055972
0 0.952032 0.929697 0.037763 0.049602
0 0.971601 0.029388 0.035564 0.047807
0 0.937409 0.722488 0.037017 0.053807
0 0.675276 0.807054 0.044042 0.059912
0 0.841647 0.814956 0.037218 0.048698
0 0.113227 0.589095 0.034411 0.048394
0 0.268310 0.550222 0.038472 0.050665
0 0.092658 0.636365 0.032523 0.043988
0 0.840438 0.900524 0.041439 0.055190
0 0.367945 0.852004 0.031986 0.045371
0 0.787662 0.404759 0.038373 0.051966
0 0.113116 0.916750 0.038238 0.049617
0 0.332297 0.179490 0.039637 0.053627
0 0.088569 0.409926 0.032775 0.044191
0 0.696936 0.157337 0.038709 0.051362
0 0.047426 0.551974 0.031613 0.043964
0 0.773397 0.839916 0.036317 0.049243
0 0.077245 0.413003 0.033765 0.044552
0 0.109422 0.523380 0.042700 0.063054
0 0.506413 0.968013 0.031491 0.041139
0 0.725651 0.750963 0.034774 0.047620
0 0.430379 0.723218 0.042121 0.060163
0 0.144387 0.981692 0.050204 0.036154
0 0.762205 0.859192 0.032594 0.045550
0 0.171460 0.613197 0.031805 0.042166
0 0.544118 0.273440 0.040062 0.054956
0 0.772604 0.115549 0.035805 0.046586
0 0.201581 0.906539 0.054503 0.075483
0 0.583639 0.274249 0.047455 0.065333
0 0.360188 0.526582 0.037251 0.048944
0 0.131564 0.443099 0.028639 0.036782
0 0.977588 0.296981 0.034783 0.047016
0 0.261314 0.846190 0.033499 0.045380
0 0.708651 0.513567 0.034951 0.046670
0 0.419756 0.020007 0.033759 0.040014
0 0.809216 0.982196 0.059160 0.034836
0 0.789182 0.985895 0.033692 0.028110
0 0.523367 0.186854 0.036065 0.048118
0 0.684916 0.515805 0.034163 0.048006
0 0.986149 0.282133 0.027040 0.065154
0 0.163892 0.512810 0.036308 0.046648
1 0.774000 0.223167 0.065000 0.089333
1 0.353000 0.791833 0.063000 0.101333
1 0.114500 0.489833 0.160000 0.233333
