0 0.576058 0.508434 0.024917 0.034611
0 0.388026 0.086086 0.025114 0.035294
0 0.618097 0.033410 0.025721 0.036339
0 0.216353 0.171800 0.026093 0.036579
0 0.243967 0.683223 0.026614 0.037219
0 0.474144 0.068393 0.027080 0.037042
0 0.886609 0.760919 0.027838 0.036152
0 0.277310 0.251393 0.026762 0.038015
0 0.949774 0.472936 0.027722 0.038081
0 0.566683 0.185190 0.028442 0.037340
0 0.165396 0.477352 0.027138 0.039164
0 0.117523 0.808536 0.027860 0.038217
0 0.278665 0.460622 0.027593 0.038645
0 0.484232 0.312257 0.029025 0.037071
0 0.721241 0.722722 0.028912 0.037271
0 0.081358 0.727535 0.028883 0.037461
0 0.353099 0.379717 0.028624 0.037818
0 0.860657 0.757257 0.028436 0.038430
0 0.545401 0.121776 0.028318 0.039107
0 0.418039 0.233703 0.029191 0.038303
0 0.675558 0.306310 0.028583 0.039196
0 0.346142 0.220879 0.029374 0.038177
0 0.984711 0.673397 0.029824 0.037607
0 0.518556 0.423985 0.027991 0.040114
0 0.392188 0.046394 0.029098 0.038832
0 0.075913 0.919210 0.028904 0.039328
0 0.940382 0.881879 0.029526 0.038675
0 0.049869 0.596493 0.027736 0.041522
0 0.528501 0.239709 0.029221 0.039477
0 0.375217 0.116499 0.029800 0.038766
0 0.297064 0.471277 0.030181 0.038465
0 0.947576 0.604544 0.030324 0.038711
0 0.031038 0.151921 0.028844 0.040982
0 0.371579 0.263588 0.030604 0.038987
0 0.218292 0.383519 0.030367 0.039514
0 0.632114 0.060510 0.031042 0.039536
0 0.670476 0.069158 0.030028 0.041175
0 0.950344 0.633837 0.030394 0.040726
0 0.195281 0.514819 0.030695 0.042772
0 0.584635 0.554426 0.030871 0.043317
0 0.426296 0.861453 0.033334 0.040439
0 0.311514 0.278193 0.032017 0.042519
0 0.813099 0.699494 0.031955 0.042634
0 0.631208 0.171463 0.031104 0.044155
0 0.828917 0.355983 0.029665 0.046330
0 0.117091 0.446699 0.031792 0.043458
0 0.805094 0.386052 0.032837 0.042143
0 0.392194 0.735585 0.032009 0.043460
0 0.473852 0.620051 0.032903 0.042472
0 0.234779 0.658544 0.032339 0.044610
0 0.021565 0.045393 0.033708 0.043356
0 0.500716 0.371066 0.033611 0.043518
0 0.839412 0.972035 0.032270 0.046229
0 0.075046 0.521220 0.033998 0.044942
0 0.052093 0.062131 0.034033 0.045246
0 0.938357 0.679681 0.032126 0.050182
0 0.263883 0.097506 0.038742 0.042720
0 0.511579 0.869636 0.034416 0.048444
0 0.288402 0.143333 0.037819 0.044384
0 0.632930 0.254616 0.034922 0.050077
0 0.771086 0.434246 0.039525 0.045243
0 0.550091 0.918868 0.035075 0.052284
0 0.232525 0.207844 0.038716 0.047763
0 0.268224 0.532557 0.038165 0.049222
0 0.337318 0.478265 0.037776 0.050455
0 0.456970 0.230199 0.038800 0.050901
0 0.635525 0.508489 0.039121 0.051809
0 0.341553 0.281058 0.040896 0.049714
0 0.931731 0.762830 0.037735 0.054950
1 0.691000 0.181833 0.315000 0.196000
1 0.623000 0.489833 0.251000 0.297333
0 0.769596 0.295419 0.031245 0.043015
0 0.459180 0.344521 0.033086 0.044315
0 0.301898 0.959707 0.040050 0.051702
0 0.093270 0.414685 0.028642 0.038245
0 0.255652 0.723003 0.030570 0.041715
0 0.789870 0.297510 0.025489 0.034371
0 0.120325 0.485391 0.035410 0.048346
0 0.831672 0.777267 0.033276 0.045693
0 0.590813 0.399613 0.033051 0.044594
0 0.470421 0.485272 0.027708 0.037085
0 0.523416 0.326867 0.029785 0.038320
0 0.022519 0.226090 0.026545 0.037861
0 0.621052 0.290448 0.032800 0.044833
0 0.284173 0.692040 0.030136 0.040153
0 0.333245 0.012909 0.030148 0.025818
0 0.849325 0.562780 0.036948 0.049555
0 0.490369 0.843351 0.037629 0.046580
0 0.932246 0.437251 0.032735 0.042306
0 0.117267 0.240376 0.027501 0.037543
0 0.153257 0.136589 0.027668 0.035604
0 0.752335 0.810969 0.039013 0.050032
0 0.652907 0.948339 0.029942 0.041913
0 0.136528 0.934768 0.052099 0.073989
0 0.357755 0.976660 0.047395 0.046305
0 0.671483 0.870663 0.037261 0.048838
0 0.548293 0.010979 0.023555 0.021957
0 0.031413 0.456286 0.035277 0.046125
1 0.689820 0.034334 0.179297 0.067837
0 0.251695 0.943672 0.029171 0.038193
0 0.289962 0.114888 0.030364 0.038047
0 0.283785 0.928509 0.026758 0.038125
