0 0.165569 0.860400 0.046591 0.062932
0 0.132987 0.421328 0.058503 0.076366
0 0.127037 0.883163 0.041000 0.052110
0 0.313264 0.592212 0.042359 0.053478
1 0.059500 0.387917 0.110000 0.257333
1 0.232500 0.531917 0.144000 0.260000
1 0.382000 0.565917 0.135000 0.234667
1 0.951750 0.771250 0.096500 0.301333
1 0.813000 0.660771 0.133000 0.245333
1 0.932500 0.459792 0.050000 0.172000
1 0.749500 0.189479 0.074000 0.224000
1 0.574500 0.277833 0.132000 0.137333
1 0.503000 0.821250 0.087000 0.132000
1 0.249500 0.881250 0.090000 0.129333
1 0.078000 0.955917 0.097000 0.078667
