0 0.838020 0.558586 0.048369 0.044994
0 0.710911 0.778309 0.048369 0.052493
0 0.643982 0.159636 0.047244 0.053993
0 0.169291 0.836802 0.049494 0.052493
0 0.697413 0.185133 0.048369 0.056993
0 0.645107 0.909543 0.044994 0.062992
0 0.199663 0.929790 0.053993 0.064492
0 0.276715 0.944788 0.061867 0.058493
0 0.847582 0.483596 0.062992 0.065992
0 0.890326 0.955287 0.071991 0.058493
0 0.938133 0.469348 0.066367 0.067492
0 0.155793 0.318616 0.071991 0.065992
0 0.158605 0.226378 0.084364 0.076490
0 0.485377 0.078646 0.078740 0.098988
0 0.912823 0.055821 0.080990 0.111642
0 0.509561 0.796307 0.091114 0.100487
0 0.492126 0.574334 0.078740 0.121485
0 0.677165 0.627578 0.091114 0.104987
0 0.853768 0.737814 0.106862 0.100487
1 0.577053 0.413855 0.066367 0.166479
0 0.641880 0.922066 0.094191 0.125645
0 0.712957 0.774573 0.091020 0.118378
0 0.156149 0.292830 0.103032 0.161770
