0 0.451114 0.589213 0.039888 0.054746
0 0.378190 0.803290 0.034457 0.045602
0 0.039808 0.461733 0.037632 0.050160
0 0.474158 0.888878 0.036237 0.049867
0 0.431850 0.762665 0.043348 0.054618
0 0.392054 0.350616 0.045972 0.052889
0 0.648817 0.066025 0.038541 0.050233
0 0.834848 0.705805 0.038088 0.050824
0 0.919296 0.271806 0.040579 0.054156
0 0.074439 0.453881 0.033531 0.045050
0 0.354656 0.839134 0.032976 0.048461
0 0.630085 0.310543 0.037546 0.048819
0 0.775912 0.048150 0.038209 0.049099
0 0.354264 0.450615 0.043783 0.048502
0 0.213020 0.387779 0.035561 0.046985
0 0.609271 0.500858 0.033734 0.045330
0 0.572666 0.129121 0.036151 0.048624
0 0.731345 0.500086 0.039453 0.052746
0 0.852533 0.762954 0.037711 0.049212
0 0.079734 0.735688 0.036452 0.048631
0 0.981992 0.079276 0.035176 0.049063
0 0.197938 0.919445 0.036018 0.044191
0 0.980130 0.287406 0.037112 0.050148
0 0.160077 0.912368 0.033186 0.043494
0 0.382031 0.468264 0.037367 0.047039
0 0.863277 0.438998 0.040123 0.052664
0 0.603905 0.976603 0.034762 0.044811
1 0.325151 0.747428 0.145972 0.164586
0 0.597306 0.291471 0.033932 0.045557
0 0.625776 0.716178 0.034593 0.044616
0 0.491851 0.980375 0.034485 0.039251
0 0.897410 0.925992 0.050597 0.062967
0 0.106034 0.522233 0.034357 0.045383
0 0.696410 0.749197 0.032692 0.043701
0 0.530612 0.083820 0.039187 0.051920
0 0.266683 0.451398 0.035713 0.044755
0 0.311620 0.779110 0.029412 0.038318
0 0.301234 0.892801 0.026736 0.036018
0 0.354950 0.590338 0.039212 0.051594
0 0.911979 0.686575 0.047686 0.062644
0 0.443343 0.978934 0.041629 0.041497
0 0.633906 0.531037 0.033732 0.043716
0 0.680723 0.708191 0.036464 0.047296
0 0.746773 0.782383 0.037258 0.051081
0 0.516482 0.073472 0.031655 0.042799
0 0.275701 0.880349 0.026918 0.037747
0 0.498284 0.543189 0.033984 0.044792
0 0.574826 0.356806 0.036671 0.049437
0 0.736021 0.833143 0.034114 0.046660
0 0.576940 0.987619 0.044332 0.024298
0 0.519661 0.984502 0.028236 0.030914
0 0.103126 0.238465 0.041135 0.052286
