0 0.701649 0.084896 0.036111 0.028125
0 0.666927 0.332292 0.047222 0.031250
0 0.891059 0.361979 0.052778 0.028125
0 0.461372 0.086458 0.050000 0.033333
0 0.275890 0.739063 0.045833 0.038542
0 0.801649 0.557813 0.052778 0.034375
0 0.400955 0.116146 0.054167 0.036458
0 0.737760 0.557292 0.047222 0.043750
0 0.883116 0.402083 0.052778 0.045833
0 0.719010 0.220313 0.056944 0.042708
0 0.673872 0.599479 0.061111 0.044792
0 0.612760 0.430729 0.061111 0.051042
0 0.657205 0.784896 0.052778 0.069792
0 0.164149 0.057813 0.075000 0.057292
1 0.444748 0.530729 0.079167 0.098958
1 0.090538 0.966146 0.127778 0.067708
1 0.753733 0.742708 0.106944 0.102083
1 0.352344 0.915625 0.154167 0.097917
1 0.180447 0.682292 0.265278 0.141667
1 0.227344 0.256250 0.212500 0.185417
0 0.804922 0.300482 0.080811 0.060516
0 0.613130 0.964731 0.074235 0.055492
