0 0.687796 0.538071 0.036616 0.023674
0 0.254715 0.246404 0.034091 0.025568
0 0.038806 0.406916 0.039141 0.028409
0 0.865195 0.808904 0.040404 0.029356
0 0.262922 0.632295 0.035354 0.034091
0 0.026811 0.429643 0.035354 0.034091
0 0.836786 0.474151 0.041667 0.037879
0 0.118352 0.734094 0.041667 0.038826
0 0.815321 0.078791 0.041667 0.038826
0 0.394867 0.302276 0.046717 0.038826
0 0.598149 0.726992 0.059343 0.035985
0 0.774917 0.767711 0.054293 0.039773
0 0.696634 0.707579 0.059343 0.042614
0 0.879715 0.648393 0.059343 0.045455
0 0.433377 0.700476 0.055555 0.053030
0 0.967060 0.433955 0.065880 0.074781
0 0.583464 0.300198 0.087646 0.066358
1 0.922205 0.094380 0.133526 0.089933
1 0.171573 0.048250 0.132184 0.096036
1 0.792140 0.375109 0.146002 0.098395
1 0.312442 0.948559 0.142294 0.102881
1 0.618643 0.828244 0.142379 0.105403
1 0.546282 0.921747 0.129639 0.116463
1 0.705481 0.585597 0.162655 0.107934
1 0.122559 0.929926 0.146124 0.122602
1 0.827148 0.872086 0.159024 0.115804
1 0.474628 0.099517 0.163388 0.119540
1 0.138614 0.168260 0.156637 0.135766
1 0.865185 0.273973 0.189619 0.136532
1 0.677527 0.168548 0.183474 0.157180
1 0.418550 0.478648 0.230264 0.197949
1 0.224824 0.743914 0.304819 0.255574
0 0.615748 0.869100 0.045773 0.031884
