0 0.157899 0.566667 0.037500 0.022917
0 0.303733 0.497917 0.043055 0.029167
0 0.307899 0.120313 0.043055 0.044792
0 0.828733 0.731250 0.076389 0.031250
0 0.560677 0.821875 0.059722 0.043750
0 0.027908 0.671354 0.055816 0.051042
0 0.680122 0.573438 0.070833 0.046875
0 0.091927 0.906250 0.075000 0.047917
0 0.895030 0.968750 0.058333 0.062500
0 0.716233 0.192708 0.068056 0.066667
1 0.968848 0.149479 0.062305 0.165625
1 0.753255 0.390104 0.154167 0.188542
1 0.094141 0.451042 0.188281 0.222917
1 0.200260 0.201563 0.277778 0.232292
1 0.417621 0.813542 0.190278 0.372917
0 0.936102 0.577290 0.085732 0.062905
