0 0.595573 0.351042 0.027778 0.027083
0 0.867101 0.240104 0.029167 0.028125
0 0.675434 0.273958 0.043055 0.029167
0 0.892795 0.905729 0.041667 0.034375
0 0.168490 0.645833 0.051389 0.029167
0 0.211545 0.518229 0.056944 0.028125
0 0.685851 0.902604 0.050000 0.034375
0 0.151823 0.710417 0.059722 0.047917
0 0.042795 0.052604 0.066667 0.044792
0 0.214323 0.916667 0.065278 0.047917
0 0.672656 0.978646 0.090278 0.042708
0 0.171962 0.346875 0.066667 0.064583
1 0.458724 0.817708 0.144445 0.066667
1 0.349219 0.146354 0.130556 0.094792
1 0.549740 0.656771 0.147222 0.117708
1 0.545638 0.097917 0.150000 0.120833
1 0.774740 0.653125 0.180555 0.108333
1 0.364800 0.046354 0.240278 0.092708
1 0.789323 0.891146 0.137500 0.205208
1 0.421636 0.517187 0.216667 0.148958
0 0.836145 0.258584 0.041267 0.031848
0 0.114310 0.519795 0.050636 0.041035
0 0.714815 0.162925 0.045168 0.033912
0 0.793630 0.296393 0.040641 0.032519
