2 0.600521 0.079601 0.061458 0.079167
2 0.576562 0.372656 0.059375 0.106944
2 0.319792 0.684462 0.045833 0.061111
2 0.154167 0.717795 0.037500 0.055556
2 0.092708 0.709462 0.058333 0.080556
2 0.078646 0.805990 0.042708 0.065278
2 0.448958 0.926823 0.037500 0.076389
2 0.851042 0.365017 0.031250 0.047222
2 0.782292 0.299740 0.031250 0.038889
2 0.979688 0.037240 0.026042 0.050000
2 0.484375 0.162934 0.060417 0.065278
2 0.264063 0.292969 0.048958 0.056944
2 0.200521 0.297439 0.048958 0.055555
2 0.031250 0.760916 0.037500 0.047222
2 0.669792 0.798025 0.039583 0.044444
2 0.440625 0.619141 0.043750 0.048611
2 0.455729 0.555295 0.038542 0.052778
2 0.977083 0.439323 0.039583 0.051389
2 0.937500 0.958073 0.020833 0.036111
3 0.855208 0.831120 0.289583 0.337760
3 0.113542 0.470573 0.218750 0.275000
3 0.954167 0.293490 0.091667 0.176389
3 0.707812 0.302517 0.107292 0.205556
3 0.240104 0.617101 0.121875 0.237500
3 0.490625 0.503906 0.152083 0.188889
3 0.479167 0.274740 0.170833 0.152778
