1 0.053989 0.248871 0.107578 0.242439
1 0.871944 0.684350 0.238839 0.349828
1 0.843264 0.627339 0.125737 0.186795
1 0.952065 0.439460 0.095869 0.227567
1 0.484804 0.057931 0.127819 0.115862
1 0.933924 0.675397 0.119064 0.161082
1 0.656263 0.933473 0.161903 0.133055
1 0.347415 0.909698 0.118337 0.142975
1 0.780500 0.168438 0.132000 0.106667
1 0.833000 0.341458 0.141000 0.096000
1 0.624000 0.457813 0.109000 0.193333
1 0.677000 0.771250 0.081000 0.141333
1 0.487000 0.859917 0.177000 0.081333
1 0.167500 0.846583 0.114000 0.214667
1 0.265500 0.881250 0.086000 0.201333
1 0.028000 0.497250 0.041000 0.105333
1 0.139000 0.597250 0.081000 0.174667
1 0.227500 0.611250 0.090000 0.168000
1 0.369000 0.413250 0.057000 0.129333
1 0.449500 0.279917 0.066000 0.161333
1 0.633000 0.147250 0.111000 0.096000
