0 0.587760 0.722396 0.030555 0.023958
0 0.619010 0.709896 0.037500 0.023958
0 0.457899 0.217188 0.043056 0.023958
0 0.962066 0.854688 0.034722 0.030208
0 0.502344 0.513542 0.031944 0.033333
0 0.550260 0.572917 0.030556 0.035417
0 0.898872 0.613542 0.033333 0.035417
0 0.578733 0.553125 0.034722 0.035417
0 0.466927 0.358333 0.047222 0.027083
0 0.923177 0.576042 0.034722 0.037500
0 0.514149 0.158333 0.041667 0.031250
0 0.871094 0.600000 0.033333 0.041667
0 0.351649 0.741146 0.044444 0.032292
0 0.130121 0.468750 0.043056 0.037500
0 0.234918 0.645833 0.047222 0.035417
0 0.048872 0.941146 0.044444 0.038542
0 0.228038 0.337500 0.044444 0.039583
0 0.367622 0.521875 0.043056 0.041667
0 0.156510 0.918750 0.048611 0.037500
0 0.927387 0.686979 0.041667 0.044792
0 0.326280 0.973438 0.070833 0.036458
0 0.549566 0.231771 0.056945 0.046875
0 0.889149 0.142708 0.052778 0.056250
0 0.615538 0.763021 0.077778 0.040625
0 0.734288 0.249479 0.062500 0.061458
0 0.826476 0.117188 0.068056 0.057292
0 0.188672 0.113542 0.069444 0.058333
1 0.225955 0.814063 0.145833 0.128125
1 0.536372 0.098437 0.188889 0.196875
1 0.272483 0.542708 0.338889 0.175000
1 0.735677 0.686979 0.301389 0.230208
1 0.198047 0.130208 0.396094 0.260417
