0 0.248437 0.628689 0.023958 0.065278
0 0.713542 0.876823 0.035417 0.054167
0 0.209896 0.637413 0.044792 0.051389
0 0.900521 0.622656 0.032292 0.073611
0 0.601562 0.572721 0.046875 0.056944
0 0.953125 0.485156 0.041667 0.065278
0 0.508854 0.949696 0.042708 0.068056
0 0.574479 0.536220 0.048958 0.065278
0 0.272396 0.285851 0.051042 0.063889
0 0.909896 0.078906 0.057292 0.069444
0 0.918229 0.225434 0.046875 0.093056
0 0.218229 0.760851 0.053125 0.083333
0 0.446875 0.330295 0.087500 0.066667
0 0.160417 0.448351 0.083333 0.083333
0 0.424479 0.261545 0.094792 0.073611
0 0.329167 0.211545 0.075000 0.109722
1 0.503646 0.455990 0.101042 0.120833
1 0.755208 0.164323 0.162500 0.298611
1 0.107292 0.205425 0.214583 0.410851
