1 0.738797 0.297582 0.220065 0.255862
1 0.265225 0.700195 0.113983 0.181813
1 0.723389 0.575448 0.153402 0.218437
1 0.383520 0.338178 0.196574 0.231998
1 0.494395 0.953846 0.108380 0.092309
1 0.918113 0.766247 0.111356 0.144017
1 0.550002 0.642877 0.100668 0.121610
1 0.379422 0.044903 0.149316 0.089806
0 0.553691 0.831596 0.078506 0.101413
1 0.153858 0.613739 0.128889 0.190409
1 0.584703 0.082115 0.146852 0.164229
1 0.532767 0.199814 0.097353 0.118260
1 0.609336 0.450593 0.120267 0.160878
0 0.200003 0.440953 0.046402 0.063131
0 0.032863 0.351937 0.037879 0.054293
0 0.055590 0.154336 0.039773 0.058081
0 0.451897 0.298276 0.025568 0.075758
0 0.924908 0.930220 0.047349 0.077020
0 0.744984 0.780599 0.043561 0.042929
0 0.337314 0.863932 0.055871 0.040404
0 0.963734 0.454210 0.035985 0.046717
0 0.298014 0.322897 0.037879 0.059344
0 0.231726 0.063427 0.043561 0.042929
0 0.223204 0.104463 0.045455 0.034091
