0 0.492126 0.425666 0.078740 0.121485
0 0.677165 0.372422 0.091114 0.104987
0 0.853768 0.262186 0.106862 0.100487
0 0.509561 0.203693 0.091114 0.100487
0 0.912823 0.944179 0.080990 0.111642
0 0.485377 0.921354 0.078740 0.098988
0 0.158605 0.773622 0.084364 0.076490
0 0.155793 0.681384 0.071991 0.065992
0 0.838020 0.441414 0.048369 0.044994
0 0.847582 0.516404 0.062992 0.065992
0 0.938133 0.530652 0.066367 0.067492
0 0.645107 0.090457 0.044994 0.062992
0 0.710911 0.221691 0.048369 0.052493
0 0.169291 0.163198 0.049494 0.052493
0 0.199663 0.070210 0.053993 0.064492
0 0.276715 0.055212 0.061867 0.058493
0 0.643982 0.840364 0.047244 0.053993
0 0.697413 0.814867 0.048369 0.056993
0 0.890326 0.044713 0.071991 0.058493
1 0.577053 0.586145 0.066367 0.166479
