0 0.491566 0.576058 0.034611 0.024917
0 0.913914 0.388026 0.035294 0.025114
0 0.966590 0.618097 0.036339 0.025721
0 0.828200 0.216353 0.036579 0.026093
0 0.316777 0.243967 0.037219 0.026614
0 0.931607 0.474144 0.037042 0.027080
0 0.239081 0.886609 0.036152 0.027838
0 0.748607 0.277310 0.038015 0.026762
0 0.527064 0.949774 0.038081 0.027722
0 0.814810 0.566683 0.037340 0.028442
0 0.522648 0.165396 0.039164 0.027138
0 0.191464 0.117523 0.038217 0.027860
0 0.539378 0.278665 0.038645 0.027593
0 0.687743 0.484232 0.037071 0.029025
0 0.277278 0.721241 0.037271 0.028912
0 0.272465 0.081358 0.037461 0.028883
0 0.620283 0.353099 0.037818 0.028624
0 0.242743 0.860657 0.038430 0.028436
0 0.878224 0.545401 0.039107 0.028318
0 0.766297 0.418039 0.038303 0.029191
0 0.693690 0.675558 0.039196 0.028583
0 0.779121 0.346142 0.038177 0.029374
0 0.326603 0.984711 0.037607 0.029824
0 0.576015 0.518556 0.040114 0.027991
0 0.953606 0.392188 0.038832 0.029098
0 0.080790 0.075913 0.039328 0.028904
0 0.118121 0.940382 0.038675 0.029526
0 0.403507 0.049869 0.041522 0.027736
0 0.760291 0.528501 0.039477 0.029221
0 0.883501 0.375217 0.038766 0.029800
0 0.528723 0.297064 0.038465 0.030181
0 0.395456 0.947576 0.038711 0.030324
0 0.848079 0.031038 0.040982 0.028844
0 0.736412 0.371579 0.038987 0.030604
0 0.616481 0.218292 0.039514 0.030367
0 0.939490 0.632114 0.039536 0.031042
0 0.930842 0.670476 0.041175 0.030028
0 0.366163 0.950344 0.040726 0.030394
0 0.485181 0.195281 0.042772 0.030695
0 0.445574 0.584635 0.043317 0.030871
0 0.138547 0.426296 0.040439 0.033334
0 0.721807 0.311514 0.042519 0.032017
0 0.300506 0.813099 0.042634 0.031955
0 0.828537 0.631208 0.044155 0.031104
0 0.644017 0.828917 0.046330 0.029665
0 0.553301 0.117091 0.043458 0.031792
0 0.613948 0.805094 0.042143 0.032837
0 0.264415 0.392194 0.043460 0.032009
0 0.379949 0.473852 0.042472 0.032903
0 0.341456 0.234779 0.044610 0.032339
0 0.954607 0.021565 0.043356 0.033708
0 0.628934 0.500716 0.043518 0.033611
0 0.027965 0.839412 0.046229 0.032270
0 0.478780 0.075046 0.044942 0.033998
0 0.937869 0.052093 0.045246 0.034033
0 0.320319 0.938357 0.050182 0.032126
0 0.902494 0.263883 0.042720 0.038742
0 0.130364 0.511579 0.048444 0.034416
0 0.856667 0.288402 0.044384 0.037819
0 0.745384 0.632930 0.050077 0.034922
0 0.565754 0.771086 0.045243 0.039525
0 0.081132 0.550091 0.052284 0.035075
0 0.792156 0.232525 0.047763 0.038716
0 0.467443 0.268224 0.049222 0.038165
0 0.521735 0.337318 0.050455 0.037776
0 0.769801 0.456970 0.050901 0.038800
0 0.491511 0.635525 0.051809 0.039121
0 0.718942 0.341553 0.049714 0.040896
0 0.237170 0.931731 0.054950 0.037735
1 0.818167 0.691000 0.196000 0.315000
1 0.510167 0.623000 0.297333 0.251000
0 0.705631 0.770121 0.043274 0.030666
0 0.277685 0.255949 0.041701 0.029932
0 0.041970 0.302589 0.055196 0.040832
0 0.599886 0.591582 0.044208 0.031363
0 0.223063 0.831962 0.048397 0.034489
0 0.703019 0.789341 0.034641 0.025473
0 0.515547 0.120494 0.044510 0.033157
0 0.584714 0.093100 0.040628 0.029511
0 0.514887 0.470502 0.036474 0.026631
0 0.656390 0.459173 0.041723 0.031856
0 0.380483 0.165856 0.039001 0.029376
0 0.772574 0.021501 0.036013 0.027012
0 0.562352 0.932664 0.042288 0.031773
0 0.129464 0.672320 0.050079 0.037528
0 0.759126 0.117368 0.037755 0.028051
0 0.060887 0.011994 0.042733 0.023988
0 0.737585 0.386730 0.036989 0.026687
0 0.987243 0.331937 0.025514 0.031312
0 0.987577 0.547794 0.024846 0.024618
0 0.476301 0.720159 0.060051 0.044195
0 0.064932 0.137315 0.071361 0.052086
0 0.071388 0.284326 0.036404 0.025710
0 0.206595 0.194689 0.031970 0.024339
0 0.863207 0.153052 0.034937 0.026965
0 0.433692 0.356971 0.040253 0.028777
0 0.599857 0.042240 0.050113 0.036470
0 0.885960 0.288917 0.038099 0.031563
0 0.576348 0.436063 0.032467 0.023894
0 0.024167 0.358831 0.047922 0.049228
0 0.200017 0.331944 0.045090 0.033513
0 0.412947 0.164932 0.036021 0.027288
0 0.302823 0.095042 0.044304 0.032017
0 0.977192 0.106346 0.032062 0.024953
0 0.438037 0.850051 0.047373 0.036082
0 0.051567 0.652332 0.041815 0.030205
0 0.798863 0.958744 0.044409 0.032811
0 0.813746 0.456391 0.029846 0.023282
