0 0.258153 0.602994 0.037993 0.050868
0 0.792605 0.505829 0.045689 0.061354
0 0.351783 0.460425 0.037648 0.050372
0 0.400712 0.399322 0.034282 0.046638
0 0.790265 0.260057 0.035349 0.049365
0 0.590084 0.720623 0.031562 0.042580
0 0.519852 0.414825 0.029861 0.039777
0 0.015057 0.671303 0.029364 0.042878
1 0.556239 0.612834 0.116984 0.150723
0 0.312682 0.116455 0.036563 0.048968
0 0.563422 0.495012 0.032240 0.042947
0 0.675907 0.365650 0.040877 0.050406
0 0.900122 0.495494 0.052576 0.069733
0 0.356689 0.585204 0.040323 0.054370
0 0.270377 0.943213 0.039376 0.051976
0 0.187732 0.552115 0.043118 0.051096
0 0.508521 0.128944 0.030247 0.040032
0 0.101892 0.160304 0.031965 0.042837
0 0.494773 0.982021 0.033544 0.035187
0 0.277059 0.680103 0.032975 0.043643
1 0.783100 0.642356 0.100288 0.126918
0 0.286491 0.707117 0.034058 0.049227
0 0.865067 0.361373 0.028904 0.039022
1 0.344656 0.766650 0.103707 0.132606
0 0.359007 0.338945 0.033254 0.044214
0 0.487397 0.446395 0.026055 0.036491
0 0.306064 0.085531 0.034709 0.044450
0 0.538172 0.034350 0.031094 0.043660
0 0.314099 0.828846 0.027980 0.037465
1 0.034934 0.717741 0.069869 0.127781
0 0.472156 0.766899 0.061561 0.078743
