0 0.521567 0.391278 0.042488 0.054441
0 0.480917 0.978507 0.053311 0.042475
0 0.670549 0.689209 0.034958 0.048083
0 0.375083 0.561399 0.045841 0.066042
0 0.649856 0.848010 0.042403 0.061978
0 0.480530 0.619386 0.076161 0.102137
0 0.408171 0.561073 0.046886 0.066355
0 0.167579 0.382061 0.081982 0.111761
0 0.289269 0.841446 0.058349 0.067087
1 0.460479 0.257506 0.300444 0.367036
0 0.646791 0.709668 0.036872 0.046959
0 0.434612 0.975014 0.063369 0.049947
0 0.130543 0.888230 0.054232 0.069528
0 0.837094 0.771351 0.054171 0.063419
0 0.236000 0.908385 0.061225 0.085099
1 0.832590 0.244102 0.321318 0.350470
0 0.283378 0.940995 0.045545 0.056725
0 0.498665 0.798555 0.106515 0.140308
0 0.605309 0.660573 0.039002 0.051713
0 0.648353 0.262170 0.051715 0.075381
0 0.285481 0.754188 0.042972 0.059172
0 0.476001 0.944694 0.056722 0.076635
0 0.596698 0.798774 0.078837 0.100726
0 0.061992 0.623332 0.051035 0.065306
0 0.509679 0.704990 0.106746 0.136289
0 0.395168 0.691735 0.041836 0.051709
0 0.580632 0.678332 0.027346 0.034341
0 0.618602 0.899747 0.075056 0.101447
0 0.130691 0.906359 0.079628 0.124572
0 0.180497 0.232156 0.063879 0.085153
0 0.214725 0.670267 0.086306 0.105390
0 0.837556 0.828383 0.040930 0.052140
0 0.802287 0.508898 0.099245 0.141398
0 0.193126 0.236903 0.098133 0.124060
0 0.882940 0.710336 0.053492 0.069030
0 0.463461 0.021624 0.067142 0.042788
0 0.349104 0.639324 0.135113 0.175613
0 0.391002 0.479189 0.129897 0.162588
0 0.109274 0.121276 0.058542 0.079306
0 0.800975 0.364079 0.058468 0.074258
0 0.954507 0.511688 0.090986 0.129454
