0 0.731776 0.532557 0.038165 0.049222
0 0.049656 0.633837 0.030394 0.040726
0 0.978435 0.045393 0.033708 0.043356
0 0.624783 0.116499 0.029800 0.038766
0 0.722690 0.251393 0.026762 0.038015
0 0.688486 0.278193 0.032017 0.042519
0 0.367886 0.060510 0.031042 0.039536
0 0.804719 0.514819 0.030695 0.042772
0 0.324442 0.306310 0.028583 0.039196
0 0.702936 0.471277 0.030181 0.038465
0 0.607806 0.735585 0.032009 0.043460
0 0.415365 0.554426 0.030871 0.043317
0 0.329524 0.069158 0.030028 0.041175
0 0.573704 0.861453 0.033334 0.040439
0 0.882477 0.808536 0.027860 0.038217
0 0.918642 0.727535 0.028883 0.037461
0 0.834604 0.477352 0.027138 0.039164
0 0.526148 0.620051 0.032903 0.042472
0 0.471499 0.239709 0.029221 0.039477
0 0.662682 0.478265 0.037776 0.050455
0 0.646901 0.379717 0.028624 0.037818
0 0.756033 0.683223 0.026614 0.037219
0 0.499284 0.371066 0.033611 0.043518
0 0.515768 0.312257 0.029025 0.037071
0 0.924954 0.521220 0.033998 0.044942
0 0.186901 0.699494 0.031955 0.042634
0 0.433317 0.185190 0.028442 0.037340
0 0.368792 0.171463 0.031104 0.044155
0 0.628421 0.263588 0.030604 0.038987
0 0.015289 0.673397 0.029824 0.037607
0 0.607812 0.046394 0.029098 0.038832
0 0.449909 0.918868 0.035075 0.052284
0 0.653858 0.220879 0.029374 0.038177
0 0.160588 0.972035 0.032270 0.046229
0 0.367070 0.254616 0.034922 0.050077
0 0.278759 0.722722 0.028912 0.037271
0 0.113391 0.760919 0.027838 0.036152
0 0.611974 0.086086 0.025114 0.035294
0 0.454599 0.121776 0.028318 0.039107
0 0.052424 0.604544 0.030324 0.038711
0 0.525856 0.068393 0.027080 0.037042
0 0.381903 0.033410 0.025721 0.036339
0 0.968962 0.151921 0.028844 0.040982
0 0.924087 0.919210 0.028904 0.039328
0 0.950131 0.596493 0.027736 0.041522
0 0.228914 0.434246 0.039525 0.045243
0 0.783647 0.171800 0.026093 0.036579
0 0.581961 0.233703 0.029191 0.038303
0 0.423942 0.508434 0.024917 0.034611
0 0.194906 0.386052 0.032837 0.042143
0 0.364475 0.508489 0.039121 0.051809
0 0.765221 0.658544 0.032339 0.044610
0 0.767475 0.207844 0.038716 0.047763
0 0.059618 0.881879 0.029526 0.038675
0 0.658447 0.281058 0.040896 0.049714
0 0.068269 0.762830 0.037735 0.054950
0 0.139343 0.757257 0.028436 0.038430
0 0.488421 0.869636 0.034416 0.048444
0 0.721335 0.460622 0.027593 0.038645
0 0.061643 0.679681 0.032126 0.050182
0 0.711598 0.143333 0.037819 0.044384
0 0.882909 0.446699 0.031792 0.043458
0 0.947907 0.062131 0.034033 0.045246
0 0.736117 0.097506 0.038742 0.042720
0 0.481444 0.423985 0.027991 0.040114
0 0.543030 0.230199 0.038800 0.050901
0 0.050226 0.472936 0.027722 0.038081
0 0.171083 0.355983 0.029665 0.046330
0 0.781708 0.383519 0.030367 0.039514
1 0.309000 0.181833 0.315000 0.196000
1 0.377000 0.489833 0.251000 0.297333
