0 0.649259 0.734626 0.027939 0.040759
0 0.640166 0.702916 0.030556 0.041299
1 0.286809 0.143218 0.290230 0.286436
0 0.609836 0.410256 0.036683 0.047861
0 0.272573 0.981448 0.027659 0.037103
0 0.161242 0.688678 0.027475 0.038990
0 0.050879 0.710038 0.028421 0.038476
0 0.262532 0.277336 0.025608 0.035361
0 0.114860 0.910594 0.026426 0.037187
0 0.625336 0.973995 0.031881 0.042271
0 0.721409 0.780901 0.030573 0.043062
0 0.184026 0.563547 0.028001 0.041175
0 0.134112 0.901539 0.027254 0.043692
0 0.708003 0.869312 0.031713 0.046203
0 0.086149 0.723064 0.025900 0.040332
0 0.113956 0.821831 0.033068 0.046282
0 0.323521 0.575126 0.036674 0.055089
0 0.104706 0.341743 0.027256 0.035711
0 0.190846 0.207159 0.024541 0.034559
0 0.781181 0.357783 0.028732 0.039782
0 0.059559 0.060560 0.027327 0.035976
0 0.427545 0.415171 0.028633 0.038408
0 0.204754 0.247875 0.029832 0.043102
0 0.212415 0.461902 0.028936 0.040747
0 0.713560 0.705439 0.030870 0.042403
0 0.220096 0.180918 0.027424 0.040225
0 0.328889 0.629170 0.031968 0.047295
0 0.425943 0.538062 0.025552 0.034500
0 0.553584 0.965709 0.034676 0.041056
0 0.452500 0.536741 0.024931 0.034536
0 0.061471 0.328348 0.025241 0.034702
0 0.521688 0.105034 0.036613 0.046926
0 0.394467 0.517030 0.025506 0.035638
0 0.195819 0.939727 0.027479 0.041468
0 0.628241 0.548976 0.037899 0.045951
0 0.088878 0.790639 0.023950 0.035484
0 0.771460 0.942455 0.042072 0.059139
0 0.452730 0.406879 0.027263 0.036387
0 0.437039 0.016799 0.032417 0.033599
1 0.454549 0.763638 0.315025 0.440242
0 0.413934 0.042082 0.025693 0.036063
0 0.560116 0.649007 0.030832 0.042701
0 0.658838 0.604126 0.033631 0.046118
0 0.659386 0.198307 0.035929 0.052347
0 0.599679 0.334518 0.035883 0.054402
0 0.156045 0.302377 0.027558 0.037782
0 0.384131 0.179764 0.034174 0.048664
0 0.762860 0.987955 0.039917 0.023802
0 0.426104 0.172149 0.026988 0.038489
1 0.061796 0.908248 0.122970 0.183503
0 0.175113 0.871742 0.037985 0.052072
0 0.454694 0.123843 0.034320 0.047350
0 0.527370 0.983728 0.036314 0.032186
0 0.232834 0.670054 0.027216 0.038528
0 0.062607 0.864359 0.031129 0.048866
0 0.322416 0.762007 0.044664 0.058595
0 0.244922 0.715059 0.035861 0.045940
0 0.617507 0.204212 0.028344 0.039516
0 0.308603 0.491304 0.029235 0.042304
0 0.054754 0.431116 0.031522 0.052648
0 0.683835 0.738554 0.035990 0.052199
0 0.156928 0.825339 0.037421 0.054214
0 0.537702 0.567829 0.031235 0.041437
0 0.012551 0.028752 0.025101 0.053768
0 0.587412 0.247220 0.038087 0.049101
0 0.031539 0.019247 0.024788 0.036106
0 0.718662 0.256823 0.047637 0.065415
0 0.287359 0.723102 0.042326 0.053882
0 0.210274 0.498356 0.027615 0.039072
0 0.286244 0.816650 0.028160 0.039905
0 0.615290 0.074124 0.031199 0.041247
0 0.685739 0.024697 0.048260 0.049393
0 0.583727 0.562416 0.034790 0.046827
0 0.573000 0.200727 0.034590 0.045113
0 0.599897 0.988488 0.035969 0.023024
0 0.187721 0.805959 0.029039 0.038372
0 0.204434 0.842391 0.040460 0.061157
0 0.447477 0.510204 0.027566 0.039502
0 0.091771 0.243550 0.032366 0.060045
0 0.629143 0.177770 0.027771 0.036946
0 0.579268 0.427797 0.029560 0.036584
0 0.029808 0.592285 0.026364 0.035364
0 0.263789 0.758717 0.040475 0.058286
0 0.725297 0.926236 0.044920 0.062074
0 0.383057 0.328131 0.029760 0.040727
