0 0.481771 0.211545 0.028125 0.056944
0 0.289583 0.151823 0.047917 0.059722
0 0.083333 0.214323 0.047917 0.065278
0 0.648958 0.595573 0.027083 0.027778
0 0.726042 0.675434 0.029167 0.043055
0 0.759896 0.867101 0.028125 0.029167
0 0.097396 0.685851 0.034375 0.050000
0 0.021354 0.672656 0.042708 0.090278
0 0.094271 0.892795 0.034375 0.041667
0 0.653125 0.171962 0.064583 0.066667
0 0.354167 0.168490 0.029167 0.051389
1 0.853646 0.349219 0.094792 0.130556
1 0.953646 0.364800 0.092708 0.240278
1 0.902083 0.545638 0.120833 0.150000
1 0.482813 0.421636 0.148958 0.216667
1 0.182292 0.458724 0.066667 0.144445
1 0.108854 0.789323 0.205208 0.137500
1 0.346875 0.774740 0.108333 0.180555
1 0.343229 0.549740 0.117708 0.147222
0 0.947396 0.042795 0.044792 0.066667
