0 0.332378 0.163021 0.073611 0.040625
0 0.187240 0.289063 0.072222 0.061458
0 0.883073 0.974479 0.108333 0.048958
0 0.051823 0.115625 0.070833 0.075000
0 0.958898 0.924479 0.082205 0.065625
0 0.193490 0.137500 0.081944 0.066667
0 0.754601 0.145833 0.084722 0.072917
1 0.675434 0.313542 0.106945 0.145833
1 0.421962 0.239583 0.127778 0.133333
0 0.909592 0.129167 0.180816 0.195833
1 0.255990 0.652083 0.504167 0.325000
1 0.073082 0.624514 0.144907 0.170330
0 0.205974 0.748968 0.067733 0.052601
0 0.963334 0.800494 0.052987 0.038759
