0 0.585938 0.527517 0.021875 0.041667
0 0.713542 0.509462 0.031250 0.038889
0 0.594792 0.257378 0.031250 0.040278
0 0.751562 0.355295 0.028125 0.047222
0 0.054687 0.594879 0.036458 0.056944
0 0.146354 0.886545 0.038542 0.054167
0 0.739062 0.222656 0.051042 0.051389
0 0.372396 0.301823 0.044792 0.059722
1 0.587500 0.668490 0.095833 0.173611
1 0.189583 0.102995 0.158333 0.191667
1 0.516146 0.088759 0.182292 0.177517
1 0.439583 0.640582 0.077083 0.718837
1 0.854167 0.715712 0.291667 0.243056
1 0.476711 0.912295 0.211059 0.175365
1 0.112755 0.280935 0.154108 0.180894
0 0.613598 0.877625 0.047196 0.067545
1 0.741731 0.459658 0.119215 0.150057
1 0.958954 0.415601 0.081756 0.222032
