0 0.421788 0.615625 0.026389 0.022917
0 0.207205 0.673958 0.033333 0.027083
0 0.646094 0.187500 0.027778 0.033333
0 0.857205 0.170312 0.027778 0.036458
0 0.557899 0.677604 0.029167 0.036458
0 0.875087 0.420833 0.034722 0.035417
0 0.718316 0.807292 0.033333 0.039583
0 0.971788 0.866667 0.043056 0.033333
0 0.653038 0.286458 0.038889 0.037500
0 0.434288 0.681771 0.031944 0.046875
0 0.904644 0.842708 0.037500 0.041667
0 0.131510 0.843229 0.037500 0.042708
0 0.303038 0.771354 0.047222 0.038542
0 0.077279 0.722917 0.045833 0.043750
0 0.965538 0.477083 0.055556 0.064583
0 0.939149 0.339063 0.061111 0.059375
0 0.525955 0.628646 0.068056 0.061458
1 0.630816 0.048438 0.136111 0.096875
1 0.380122 0.907292 0.151389 0.129167
1 0.811372 0.694792 0.202778 0.102083
1 0.180122 0.051562 0.209722 0.103125
1 0.633594 0.949479 0.225000 0.101042
1 0.303038 0.168750 0.202778 0.114583
1 0.373221 0.501563 0.177778 0.146875
1 0.701975 0.445833 0.275000 0.227083
0 0.146844 0.810992 0.051652 0.037410
1 0.937795 0.230567 0.123458 0.157528
0 0.964757 0.969004 0.059195 0.042864
0 0.402267 0.070517 0.075326 0.051370
0 0.144810 0.640698 0.054645 0.042624
0 0.947325 0.707805 0.045604 0.035929
0 0.906303 0.804732 0.070266 0.054394
