0 0.628689 0.751563 0.065278 0.023958
0 0.876823 0.286458 0.054167 0.035417
0 0.637413 0.790104 0.051389 0.044792
0 0.622656 0.099479 0.073611 0.032292
0 0.572721 0.398438 0.056944 0.046875
0 0.485156 0.046875 0.065278 0.041667
0 0.949696 0.491146 0.068056 0.042708
0 0.536220 0.425521 0.065278 0.048958
0 0.285851 0.727604 0.063889 0.051042
0 0.078906 0.090104 0.069444 0.057292
0 0.225434 0.081771 0.093056 0.046875
0 0.760851 0.781771 0.083333 0.053125
0 0.330295 0.553125 0.066667 0.087500
0 0.448351 0.839583 0.083333 0.083333
0 0.261545 0.575521 0.073611 0.094792
0 0.211545 0.670833 0.109722 0.075000
1 0.455990 0.496354 0.120833 0.101042
1 0.164323 0.244792 0.298611 0.162500
1 0.205425 0.892708 0.410851 0.214583
0 0.078584 0.736296 0.065939 0.050666
