1 0.231985 0.403647 0.259254 0.293287
1 0.162684 0.893377 0.238353 0.213245
0 0.113262 0.576893 0.030630 0.036620
0 0.464928 0.785651 0.027525 0.038633
0 0.208328 0.676139 0.024796 0.032896
0 0.036616 0.420603 0.024790 0.035125
0 0.487712 0.766590 0.027097 0.034918
0 0.327558 0.184928 0.031629 0.042296
0 0.916505 0.161537 0.028768 0.036916
0 0.707393 0.496293 0.026621 0.032365
0 0.145695 0.524305 0.028428 0.036862
0 0.636936 0.028086 0.027069 0.035229
0 0.281850 0.625312 0.025629 0.033124
0 0.451388 0.643832 0.027109 0.033861
0 0.064801 0.627284 0.026065 0.035500
0 0.520806 0.158947 0.024822 0.034380
0 0.426036 0.362171 0.031870 0.039475
0 0.877958 0.185996 0.029119 0.039838
0 0.200680 0.566855 0.029336 0.037343
1 0.948317 0.292094 0.103367 0.187354
0 0.899639 0.285771 0.027582 0.035116
0 0.308553 0.593627 0.029147 0.036830
0 0.699068 0.545466 0.027776 0.038081
0 0.253536 0.709828 0.029832 0.038238
0 0.469111 0.908726 0.028948 0.036982
0 0.084456 0.839450 0.022626 0.033445
0 0.444517 0.286576 0.026506 0.039038
0 0.251833 0.529063 0.029462 0.037974
0 0.052194 0.017303 0.025681 0.034607
0 0.394318 0.601301 0.025063 0.035571
0 0.847125 0.746100 0.027995 0.033658
0 0.500707 0.356375 0.027013 0.035521
0 0.838617 0.092019 0.024670 0.030450
0 0.339284 0.142541 0.032276 0.043295
0 0.315784 0.303870 0.030511 0.043434
0 0.348566 0.381609 0.027792 0.035823
0 0.497617 0.956441 0.027087 0.039190
0 0.870933 0.083891 0.029063 0.036672
0 0.718522 0.170544 0.028376 0.035948
0 0.383843 0.735014 0.027364 0.036588
1 0.948887 0.787782 0.101018 0.222219
0 0.083005 0.634355 0.026788 0.035269
0 0.372098 0.268477 0.024231 0.034364
0 0.702538 0.135208 0.024594 0.035313
0 0.362104 0.573697 0.023551 0.033062
0 0.552899 0.417289 0.026233 0.034597
0 0.740265 0.677317 0.028472 0.038307
0 0.375270 0.593403 0.024081 0.031567
0 0.153344 0.254319 0.023248 0.033981
0 0.574796 0.391799 0.025159 0.033736
0 0.658469 0.193081 0.025107 0.033405
0 0.425623 0.826041 0.025265 0.033246
1 0.038773 0.842675 0.077546 0.243248
0 0.735263 0.226401 0.025275 0.035525
0 0.486049 0.099981 0.025419 0.036361
1 0.794187 0.559203 0.135925 0.156692
0 0.689866 0.207503 0.027930 0.038429
0 0.531604 0.948163 0.025690 0.034037
0 0.153531 0.208073 0.027222 0.033839
1 0.595890 0.874105 0.238856 0.251791
0 0.344118 0.720961 0.031181 0.039347
0 0.800858 0.642676 0.028668 0.036082
0 0.074234 0.312488 0.024853 0.032457
0 0.394988 0.761985 0.024719 0.033845
0 0.874267 0.150785 0.032009 0.040636
0 0.203816 0.023383 0.031747 0.042346
0 0.832398 0.925743 0.025328 0.031951
0 0.014824 0.693307 0.028999 0.039924
0 0.537811 0.311980 0.031208 0.037558
0 0.688597 0.645552 0.032077 0.040218
0 0.295889 0.156687 0.036083 0.051188
0 0.057997 0.525260 0.027790 0.037659
0 0.910696 0.035694 0.035452 0.043667
0 0.829515 0.641051 0.040367 0.047377
0 0.312248 0.948167 0.025302 0.035566
0 0.121391 0.707082 0.030585 0.038619
0 0.653803 0.347751 0.025863 0.033054
0 0.829077 0.713659 0.023497 0.032110
0 0.286925 0.065942 0.035267 0.048020
0 0.423145 0.761646 0.025909 0.032804
0 0.192185 0.656070 0.024454 0.034612
0 0.162450 0.274432 0.024157 0.032632
0 0.093262 0.493948 0.029667 0.040419
0 0.676528 0.326734 0.023914 0.033556
0 0.735472 0.605135 0.023853 0.033519
0 0.418330 0.637500 0.036638 0.043612
0 0.203318 0.056523 0.027666 0.035028
0 0.534477 0.684095 0.022982 0.033062
0 0.422569 0.674879 0.024420 0.032647
0 0.058393 0.559148 0.026370 0.036137
0 0.516538 0.414433 0.028435 0.036398
0 0.061155 0.071717 0.024963 0.032097
0 0.476073 0.982146 0.033760 0.035707
0 0.771202 0.657641 0.025187 0.032188
0 0.628146 0.574808 0.026632 0.038004
0 0.060043 0.794638 0.028272 0.039948
0 0.815762 0.764470 0.028316 0.033229
0 0.432551 0.697225 0.031534 0.043317
0 0.468870 0.251072 0.024922 0.032768
0 0.012294 0.447909 0.024588 0.047099
0 0.178120 0.228162 0.032089 0.040606
0 0.034626 0.548482 0.026311 0.036623
0 0.086395 0.293527 0.023165 0.033776
0 0.468127 0.613349 0.023960 0.031387
0 0.827649 0.873838 0.021225 0.032481
0 0.641759 0.279969 0.025799 0.030501
0 0.376864 0.984325 0.027343 0.031349
0 0.071616 0.420255 0.032932 0.045407
0 0.776027 0.910701 0.023228 0.031261
0 0.803519 0.149623 0.032503 0.036443
0 0.553559 0.374024 0.030377 0.037275
0 0.354392 0.872106 0.024184 0.033010
0 0.861364 0.220112 0.035789 0.039879
0 0.676015 0.175438 0.028269 0.046519
0 0.248338 0.814694 0.025547 0.035571
0 0.458704 0.955429 0.028818 0.035594
0 0.309849 0.702544 0.024545 0.033587
0 0.922956 0.059073 0.031586 0.040185
0 0.166579 0.137679 0.023711 0.030427
0 0.364162 0.955229 0.021186 0.030849
0 0.357187 0.493622 0.032038 0.043842
0 0.977273 0.987206 0.024759 0.025588
0 0.161797 0.012863 0.031047 0.025727
0 0.461283 0.466466 0.030880 0.038533
0 0.809533 0.205239 0.022303 0.031916
0 0.589383 0.304835 0.027909 0.035290
0 0.325521 0.861485 0.025363 0.034409
0 0.118303 0.514532 0.024846 0.032223
0 0.560981 0.313154 0.025332 0.032533
0 0.287622 0.844993 0.023760 0.031950
0 0.489723 0.822565 0.025545 0.031339
0 0.294891 0.966091 0.022501 0.029662
0 0.234325 0.678985 0.024976 0.034559
0 0.035324 0.699446 0.030212 0.041224
0 0.138952 0.187267 0.023021 0.033047
0 0.921204 0.860179 0.027020 0.030724
0 0.956633 0.069581 0.024659 0.033765
0 0.012640 0.266446 0.025279 0.044428
0 0.415753 0.207588 0.032863 0.043296
0 0.257359 0.745946 0.024612 0.032767
0 0.755030 0.178318 0.026343 0.033716
1 0.418363 0.102523 0.141800 0.195719
0 0.325034 0.036130 0.036980 0.052885
0 0.477048 0.218875 0.037976 0.039179
0 0.365095 0.919387 0.023598 0.033149
0 0.833580 0.212963 0.032969 0.039015
0 0.713273 0.408691 0.027414 0.034274
0 0.010141 0.505498 0.020282 0.034716
0 0.017348 0.044825 0.034696 0.049260
0 0.461636 0.819217 0.024653 0.034161
0 0.695765 0.367947 0.023918 0.031631
0 0.778860 0.809987 0.020528 0.028109
0 0.574127 0.201319 0.023697 0.031898
0 0.625444 0.771827 0.028681 0.036974
0 0.770633 0.185525 0.020634 0.030825
0 0.789186 0.018721 0.029336 0.037442
0 0.807466 0.735805 0.022608 0.031592
0 0.978719 0.680747 0.029490 0.037934
0 0.049045 0.950087 0.036568 0.055346
0 0.695690 0.310873 0.026970 0.031405
0 0.148654 0.717859 0.027204 0.037514
0 0.775712 0.128203 0.024231 0.031518
0 0.773832 0.149422 0.023373 0.032778
0 0.180828 0.801756 0.026575 0.034095
0 0.970441 0.933855 0.020893 0.030618
0 0.079347 0.881193 0.029567 0.045250
0 0.541734 0.237496 0.021871 0.029250
0 0.579301 0.620418 0.022173 0.030240
0 0.721918 0.636082 0.023701 0.032276
0 0.175862 0.774309 0.023678 0.032460
0 0.111680 0.743115 0.029123 0.035814
0 0.688416 0.612796 0.023140 0.030943
0 0.873687 0.846058 0.024111 0.030882
0 0.620009 0.255332 0.021484 0.030163
0 0.660757 0.466725 0.027007 0.035521
0 0.608460 0.268418 0.023728 0.032150
0 0.138185 0.310813 0.031124 0.036754
1 0.741183 0.049530 0.129328 0.098702
0 0.195187 0.523457 0.027880 0.032618
0 0.288461 0.654758 0.023615 0.031933
0 0.992313 0.160584 0.015373 0.036321
0 0.802714 0.115192 0.029466 0.037913
0 0.619735 0.388482 0.030198 0.032854
