0 0.046875 0.580816 0.027083 0.055555
0 0.412500 0.327344 0.031250 0.054167
0 0.705208 0.021658 0.043750 0.043316
0 0.121354 0.232899 0.036458 0.054167
0 0.885938 0.753776 0.040625 0.061111
0 0.700000 0.094010 0.045833 0.056944
0 0.628646 0.590169 0.046875 0.059722
0 0.466146 0.639084 0.046875 0.063889
0 0.256250 0.597005 0.043750 0.072222
0 0.768750 0.272483 0.050000 0.066667
0 0.030208 0.891927 0.041667 0.080556
0 0.057292 0.194705 0.043750 0.077778
0 0.521354 0.432726 0.053125 0.069444
0 0.688542 0.871788 0.058333 0.065278
0 0.347396 0.846788 0.051042 0.076389
0 0.740104 0.482205 0.042708 0.091667
0 0.663542 0.494010 0.047917 0.090278
0 0.803125 0.767622 0.056250 0.079167
1 0.123438 0.577344 0.103125 0.198611
1 0.901563 0.089714 0.180208 0.179427
1 0.919792 0.430816 0.160417 0.372222
0 0.085868 0.243122 0.046611 0.066439
1 0.238565 0.336037 0.171000 0.217757
1 0.205193 0.905611 0.162512 0.173896
1 0.326741 0.154457 0.133238 0.170060
1 0.333548 0.501858 0.134110 0.177084
0 0.309800 0.924537 0.050754 0.071325
