0 0.237917 0.250000 0.021667 0.025556
0 0.246667 0.270000 0.025833 0.025555
0 0.274167 0.283333 0.020833 0.027778
0 0.222083 0.300556 0.023333 0.028889
0 0.096667 0.124444 0.019167 0.041111
0 0.018333 0.155000 0.025833 0.017778
0 0.552500 0.246667 0.015833 0.030000
0 0.883750 0.312222 0.021667 0.027778
0 0.955417 0.170000 0.015000 0.030000
0 0.909167 0.085000 0.034167 0.026667
0 0.375000 0.183333 0.025833 0.025556
0 0.358333 0.240486 0.024167 0.050000
0 0.380000 0.328889 0.030833 0.030000
0 0.384583 0.452778 0.016667 0.028889
0 0.059583 0.542222 0.021667 0.043333
0 0.502083 0.880556 0.026667 0.035556
0 0.907083 0.746111 0.021667 0.033333
0 0.681667 0.422778 0.027500 0.028889
0 0.317083 0.921111 0.028333 0.043333
0 0.264583 0.887222 0.020000 0.024444
0 0.082500 0.971111 0.022500 0.032222
0 0.020417 0.866667 0.028333 0.030000
0 0.569167 0.475000 0.020833 0.031111
0 0.352917 0.519445 0.016667 0.026667
0 0.283333 0.706111 0.022500 0.035556
0 0.537083 0.730000 0.023333 0.041111
0 0.682083 0.584445 0.025000 0.030000
0 0.882500 0.543889 0.019167 0.026667
0 0.195417 0.751667 0.038333 0.022222
0 0.217500 0.640000 0.017500 0.023333
0 0.187917 0.611111 0.016667 0.016667
0 0.106667 0.638333 0.017500 0.035556
0 0.802500 0.921667 0.027500 0.024444
0 0.603750 0.812222 0.025000 0.043333
0 0.570833 0.671111 0.029167 0.034444
0 0.511667 0.493333 0.027500 0.034444
0 0.449583 0.201111 0.026667 0.027778
0 0.191667 0.207222 0.039167 0.031111
0 0.164167 0.175000 0.022500 0.026667
0 0.702083 0.767222 0.030000 0.031111
0 0.911250 0.853333 0.021667 0.021111
0 0.796667 0.528333 0.032500 0.026667
0 0.292917 0.452222 0.023333 0.036667
0 0.082917 0.423889 0.021667 0.042222
0 0.628333 0.397222 0.044167 0.037778
0 0.711667 0.871111 0.034167 0.030000
0 0.447917 0.436111 0.028333 0.033333
0 0.547500 0.568889 0.025833 0.032222
0 0.806250 0.368889 0.028333 0.034445
0 0.815417 0.282778 0.020000 0.031111
