0 0.527517 0.585938 0.041667 0.021875
0 0.509462 0.713542 0.038889 0.031250
0 0.257378 0.594792 0.040278 0.031250
0 0.355295 0.751562 0.047222 0.028125
0 0.594879 0.054687 0.056944 0.036458
0 0.886545 0.146354 0.054167 0.038542
0 0.222656 0.739062 0.051389 0.051042
0 0.301823 0.372396 0.059722 0.044792
1 0.668490 0.587500 0.173611 0.095833
1 0.102995 0.189583 0.191667 0.158333
1 0.088759 0.516146 0.177517 0.182292
1 0.640582 0.439583 0.718837 0.077083
1 0.715712 0.854167 0.243056 0.291667
1 0.920580 0.485977 0.157475 0.204937
0 0.876991 0.615301 0.072591 0.050415
1 0.451354 0.747708 0.155734 0.116055
