0 0.138021 0.794184 0.038542 0.047222
0 0.100521 0.764323 0.032292 0.051389
0 0.489583 0.685851 0.035417 0.041667
0 0.821354 0.488629 0.021875 0.061111
0 0.078646 0.403906 0.023958 0.066667
0 0.302083 0.366406 0.031250 0.047222
0 0.915104 0.794184 0.032292 0.058333
0 0.728646 0.937934 0.023958 0.037500
0 0.157813 0.900434 0.032292 0.037500
0 0.292188 0.908073 0.023958 0.038889
0 0.402604 0.378212 0.023958 0.034722
0 0.370313 0.374913 0.032292 0.045833
0 0.404688 0.284939 0.030208 0.055555
0 0.627083 0.234527 0.022917 0.052778
0 0.630208 0.286914 0.035417 0.044444
0 0.098958 0.114974 0.029167 0.045833
1 0.339583 0.630990 0.364583 0.520833
1 0.170312 0.190712 0.255208 0.309722
