0 0.585053 0.026394 0.056762 0.052788
0 0.112975 0.058426 0.046968 0.064828
0 0.861988 0.334977 0.051883 0.074483
0 0.546988 0.327501 0.053418 0.073370
1 0.751214 0.806954 0.106540 0.152518
1 0.703630 0.942045 0.162218 0.115909
1 0.942189 0.088615 0.115622 0.174922
1 0.223386 0.209049 0.124189 0.169466
1 0.228806 0.420849 0.211791 0.251323
1 0.421812 0.904538 0.295846 0.190924
1 0.629246 0.593534 0.230156 0.272629
0 0.536881 0.260730 0.036021 0.048310
0 0.753892 0.241593 0.041403 0.052837
0 0.911314 0.218983 0.034350 0.043943
0 0.064036 0.873665 0.041613 0.057988
0 0.213159 0.675288 0.044256 0.056322
0 0.203416 0.753736 0.045350 0.052817
0 0.985413 0.323148 0.029175 0.046363
0 0.781409 0.458268 0.036368 0.048956
0 0.138393 0.493215 0.038674 0.048510
0 0.851577 0.606254 0.031902 0.042762
0 0.779003 0.136763 0.047583 0.060569
0 0.470020 0.579949 0.043990 0.058250
1 0.668383 0.525050 0.106378 0.162734
0 0.153122 0.761947 0.034647 0.047778
