1 0.532813 0.715017 0.253125 0.433333
0 0.879687 0.244878 0.034375 0.034722
0 0.919271 0.654601 0.023958 0.054167
0 0.113542 0.083767 0.022917 0.037500
0 0.101042 0.610156 0.027083 0.043056
0 0.345833 0.663628 0.029167 0.041667
0 0.464583 0.315017 0.029167 0.033333
0 0.967708 0.106684 0.025000 0.033333
0 0.968750 0.802517 0.020833 0.038889
0 0.273958 0.820573 0.025000 0.038889
0 0.033333 0.777517 0.033333 0.036111
0 0.191146 0.890885 0.034375 0.038889
1 0.750000 0.122439 0.135417 0.200000
0 0.136458 0.667860 0.031250 0.038889
0 0.407813 0.870247 0.030208 0.036111
0 0.479688 0.962196 0.063542 0.031944
