0 0.973606 0.414947 0.052788 0.056762
0 0.941574 0.887025 0.064828 0.046968
0 0.665023 0.138012 0.074483 0.051883
0 0.672499 0.453012 0.073370 0.053418
1 0.193046 0.248786 0.152518 0.106540
1 0.057955 0.296370 0.115909 0.162218
1 0.911385 0.057811 0.174922 0.115622
1 0.790951 0.776614 0.169466 0.124189
1 0.579151 0.771194 0.251323 0.211791
1 0.095462 0.578188 0.190924 0.295846
1 0.406466 0.370754 0.272629 0.230156
0 0.738924 0.463299 0.050893 0.037641
0 0.542678 0.219137 0.044943 0.033878
0 0.780933 0.089014 0.045329 0.034314
0 0.759109 0.245879 0.054653 0.041525
0 0.246509 0.796353 0.053531 0.044710
0 0.126963 0.935350 0.060168 0.042432
0 0.325228 0.787178 0.058004 0.043912
0 0.498081 0.932561 0.051708 0.038202
0 0.383625 0.444032 0.059425 0.047540
0 0.863280 0.221838 0.062792 0.049904
0 0.489869 0.482738 0.056119 0.040032
0 0.677678 0.015130 0.047560 0.029593
0 0.507151 0.861234 0.048888 0.038573
1 0.473026 0.331154 0.169300 0.106952
0 0.443689 0.495104 0.045961 0.034590
0 0.876676 0.664050 0.052936 0.039858
0 0.419500 0.529679 0.060182 0.043617
0 0.669947 0.322297 0.060795 0.046331
1 0.889322 0.130520 0.157144 0.115785
