0 0.842101 0.566667 0.037500 0.022917
0 0.696267 0.497917 0.043055 0.029167
0 0.692101 0.120313 0.043055 0.044792
0 0.171267 0.731250 0.076389 0.031250
0 0.439323 0.821875 0.059722 0.043750
0 0.972092 0.671354 0.055816 0.051042
0 0.319878 0.573438 0.070833 0.046875
0 0.908073 0.906250 0.075000 0.047917
0 0.104970 0.968750 0.058333 0.062500
0 0.283767 0.192708 0.068056 0.066667
1 0.031152 0.149479 0.062305 0.165625
1 0.246745 0.390104 0.154167 0.188542
1 0.905859 0.451042 0.188281 0.222917
1 0.799740 0.201563 0.277778 0.232292
1 0.582379 0.813542 0.190278 0.372917
0 0.061520 0.579305 0.082003 0.058509
0 0.031457 0.090076 0.060323 0.047080
