0 0.771026 0.406901 0.021780 0.023990
0 0.950476 0.725714 0.020833 0.042929
0 0.149340 0.884233 0.026515 0.034091
0 0.048488 0.347222 0.031250 0.031566
0 0.035704 0.216876 0.032197 0.035353
0 0.840628 0.035058 0.035985 0.037879
0 0.899340 0.651851 0.032197 0.046717
0 0.927276 0.105133 0.029356 0.051768
0 0.655495 0.672053 0.036932 0.041667
0 0.696215 0.622179 0.031250 0.050505
0 0.851045 0.513593 0.035985 0.045455
0 0.074529 0.299676 0.053030 0.031566
0 0.683431 0.318517 0.035985 0.046717
0 0.022920 0.663707 0.031250 0.054293
0 0.554643 0.452356 0.030303 0.059343
0 0.357200 0.463719 0.044508 0.041667
0 0.813166 0.310310 0.035985 0.053030
0 0.424435 0.393880 0.038826 0.049242
0 0.811272 0.184679 0.035985 0.054293
0 0.645079 0.845664 0.036932 0.053030
0 0.310798 0.768012 0.042614 0.049242
0 0.462787 0.694780 0.037879 0.056818
0 0.431537 0.855133 0.049243 0.046717
0 0.854359 0.331143 0.052083 0.054293
0 0.965628 0.343138 0.051136 0.103535
1 0.606341 0.121512 0.121462 0.182407
1 0.724213 0.137933 0.134893 0.172984
1 0.148654 0.092992 0.147311 0.180381
1 0.294739 0.811666 0.146954 0.188079
1 0.840654 0.531888 0.318692 0.482207
1 0.341801 0.240622 0.391848 0.481244
0 0.864640 0.071549 0.042608 0.055400
0 0.598652 0.791211 0.047013 0.060490
1 0.087645 0.709436 0.174743 0.254929
0 0.951133 0.362333 0.039812 0.052519
1 0.324911 0.608755 0.355623 0.451435
0 0.824757 0.061529 0.040785 0.051685
1 0.812904 0.896436 0.151500 0.205217
0 0.160088 0.241917 0.041122 0.052699
