0 0.701649 0.915104 0.036111 0.028125
0 0.666927 0.667708 0.047222 0.031250
0 0.891059 0.638021 0.052778 0.028125
0 0.461372 0.913542 0.050000 0.033333
0 0.275890 0.260937 0.045833 0.038542
0 0.801649 0.442187 0.052778 0.034375
0 0.400955 0.883854 0.054167 0.036458
0 0.737760 0.442708 0.047222 0.043750
0 0.883116 0.597917 0.052778 0.045833
0 0.719010 0.779687 0.056944 0.042708
0 0.673872 0.400521 0.061111 0.044792
0 0.612760 0.569271 0.061111 0.051042
0 0.657205 0.215104 0.052778 0.069792
0 0.164149 0.942187 0.075000 0.057292
1 0.444748 0.469271 0.079167 0.098958
1 0.090538 0.033854 0.127778 0.067708
1 0.753733 0.257292 0.106944 0.102083
1 0.352344 0.084375 0.154167 0.097917
1 0.180447 0.317708 0.265278 0.141667
1 0.227344 0.743750 0.212500 0.185417
0 0.804632 0.700397 0.080556 0.059713
0 0.612778 0.037677 0.071842 0.054574
0 0.635144 0.117340 0.059279 0.046824
