0 0.694010 0.742188 0.020833 0.034375
0 0.534809 0.159896 0.037500 0.019792
0 0.687066 0.779687 0.031945 0.023958
0 0.507422 0.145833 0.037500 0.022917
0 0.718316 0.722396 0.030556 0.028125
0 0.705122 0.806771 0.031944 0.030208
0 0.500955 0.469271 0.040278 0.026042
0 0.200955 0.083854 0.031944 0.034375
0 0.520399 0.196354 0.054167 0.021875
0 0.575955 0.520312 0.043056 0.032292
0 0.402387 0.574479 0.052778 0.028125
0 0.314149 0.680208 0.036111 0.041667
0 0.391233 0.341667 0.043055 0.037500
0 0.650955 0.481250 0.045833 0.035417
0 0.349566 0.687500 0.040278 0.041667
0 0.690538 0.958854 0.038889 0.044792
0 0.232899 0.700000 0.034722 0.056250
0 0.200195 0.572917 0.047222 0.043750
0 0.021658 0.906771 0.043316 0.051042
0 0.254058 0.531250 0.056944 0.066667
1 0.514149 0.330208 0.141667 0.104167
1 0.723177 0.428646 0.190278 0.128125
1 0.350955 0.224479 0.170833 0.151042
1 0.836372 0.133333 0.238889 0.177083
1 0.442622 0.919271 0.359722 0.161458
1 0.069395 0.425138 0.138504 0.173116
0 0.925653 0.708486 0.061159 0.043619
0 0.645276 0.525090 0.059431 0.047118
1 0.501872 0.061228 0.236697 0.121479
0 0.906810 0.863069 0.067398 0.047073
0 0.520774 0.156331 0.050966 0.037120
1 0.090956 0.154340 0.134724 0.115470
0 0.720918 0.969509 0.058892 0.047456
1 0.943084 0.485700 0.113832 0.119325
