3 0.417708 0.396267 0.275000 0.351389
3 0.875521 0.714323 0.192708 0.431944
3 0.831250 0.385851 0.152083 0.202778
3 0.084896 0.910981 0.169792 0.178038
2 0.598438 0.855990 0.042708 0.054167
2 0.551042 0.803212 0.075000 0.093056
2 0.129688 0.565017 0.065625 0.083333
2 0.237500 0.517795 0.079167 0.086111
2 0.638021 0.451129 0.044792 0.077778
2 0.638021 0.328906 0.044792 0.077778
2 0.790625 0.187240 0.043750 0.061111
2 0.579688 0.130469 0.073958 0.062500
2 0.420313 0.155078 0.067708 0.073611
2 0.318750 0.778277 0.045833 0.062500
2 0.230208 0.647331 0.062500 0.073611
2 0.598958 0.973806 0.058333 0.052387
2 0.704688 0.579601 0.046875 0.081944
