0 0.895537 0.776796 0.034091 0.045455
0 0.545790 0.036266 0.046717 0.035985
0 0.219401 0.255016 0.042929 0.043561
0 0.936573 0.768274 0.042929 0.043561
0 0.701724 0.548103 0.075758 0.025568
0 0.648063 0.967137 0.054293 0.037879
0 0.677103 0.701986 0.059344 0.037879
0 0.136068 0.662686 0.040404 0.055871
0 0.845664 0.944410 0.058081 0.039773
0 0.559047 0.799997 0.063131 0.046402
0 0.069780 0.075092 0.077020 0.047349
0 0.168404 0.446309 0.101413 0.078506
1 0.046154 0.505605 0.092309 0.108380
1 0.800186 0.467233 0.118260 0.097353
1 0.357123 0.449998 0.121610 0.100668
1 0.955097 0.620578 0.089806 0.149316
1 0.233753 0.081887 0.144017 0.111356
1 0.549407 0.390664 0.160878 0.120267
1 0.299805 0.734775 0.181813 0.113983
1 0.917885 0.415297 0.164229 0.146852
1 0.386261 0.846142 0.190409 0.128889
1 0.424552 0.276611 0.218437 0.153402
1 0.661822 0.616480 0.231998 0.196574
1 0.702418 0.261203 0.255862 0.220065
0 0.903104 0.387673 0.066597 0.045990
0 0.462285 0.566268 0.059195 0.042829
