0 0.900434 0.761979 0.023611 0.026042
0 0.250434 0.552604 0.023611 0.028125
0 0.844141 0.784375 0.034722 0.022917
0 0.712609 0.138021 0.045833 0.028125
0 0.804384 0.197917 0.050000 0.041667
0 0.619184 0.019792 0.075000 0.031250
0 0.378212 0.255208 0.062500 0.039583
0 0.524740 0.226042 0.066667 0.037500
0 0.642101 0.142188 0.045833 0.063542
0 0.732444 0.238542 0.059722 0.054167
1 0.230295 0.158333 0.066667 0.058333
0 0.159635 0.907292 0.090278 0.072917
1 0.258767 0.091146 0.109722 0.071875
1 0.589323 0.930729 0.131944 0.084375
1 0.430295 0.855208 0.113889 0.116667
1 0.111545 0.174479 0.112500 0.119792
1 0.694184 0.489063 0.133333 0.105208
1 0.069314 0.598958 0.138628 0.185417
1 0.455295 0.373437 0.169444 0.153125
1 0.624045 0.730729 0.206944 0.136458
0 0.901447 0.215200 0.065499 0.048970
0 0.879167 0.864968 0.070267 0.059553
0 0.215841 0.442985 0.060800 0.041916
