0 0.538071 0.312204 0.023674 0.036616
0 0.246404 0.745285 0.025568 0.034091
0 0.406916 0.961194 0.028409 0.039141
0 0.808904 0.134805 0.029356 0.040404
0 0.632295 0.737078 0.034091 0.035354
0 0.429643 0.973189 0.034091 0.035354
0 0.474151 0.163214 0.037879 0.041667
0 0.734094 0.881648 0.038826 0.041667
0 0.078791 0.184679 0.038826 0.041667
0 0.302276 0.605133 0.038826 0.046717
0 0.726992 0.401851 0.035985 0.059343
0 0.767711 0.225083 0.039773 0.054293
0 0.707579 0.303366 0.042614 0.059343
0 0.648393 0.120285 0.045455 0.059343
0 0.700476 0.566623 0.053030 0.055555
0 0.433955 0.032940 0.074781 0.065880
0 0.300198 0.416536 0.066358 0.087646
1 0.094380 0.077795 0.089933 0.133526
1 0.048250 0.828427 0.096036 0.132184
1 0.375109 0.207860 0.098395 0.146002
1 0.948559 0.687558 0.102881 0.142294
1 0.828244 0.381357 0.105403 0.142379
1 0.921747 0.453718 0.116463 0.129639
1 0.585597 0.294519 0.107934 0.162655
1 0.929926 0.877441 0.122602 0.146124
1 0.872086 0.172852 0.115804 0.159024
1 0.099517 0.525372 0.119540 0.163388
1 0.168260 0.861386 0.135766 0.156637
1 0.273973 0.134815 0.136532 0.189619
1 0.168548 0.322473 0.157180 0.183474
1 0.478648 0.581450 0.197949 0.230264
1 0.743914 0.775176 0.255574 0.304819
0 0.869357 0.383330 0.030979 0.045577
