0 0.758767 0.748958 0.043056 0.029167
0 0.364279 0.141667 0.069444 0.018750
0 0.153212 0.162500 0.059722 0.031250
0 0.905295 0.925000 0.047222 0.039583
0 0.031684 0.131771 0.058333 0.038542
1 0.653581 0.017708 0.072222 0.035417
0 0.528212 0.074479 0.070833 0.036458
0 0.958767 0.954167 0.056944 0.045833
1 0.318490 0.603646 0.059722 0.048958
1 0.414323 0.580208 0.095833 0.056250
1 0.236545 0.707292 0.106944 0.052083
1 0.796962 0.655208 0.116667 0.077083
1 0.886610 0.072917 0.129167 0.070833
1 0.966775 0.205208 0.066450 0.139583
1 0.190712 0.042708 0.109722 0.085417
1 0.480990 0.712500 0.104167 0.093750
1 0.784462 0.907292 0.105556 0.093750
1 0.449740 0.479167 0.111111 0.102083
1 0.051259 0.628125 0.102517 0.120833
1 0.056120 0.461458 0.112240 0.181250
1 0.278212 0.951562 0.248611 0.096875
1 0.860026 0.473958 0.279948 0.112500
1 0.951414 0.924283 0.097171 0.143250
0 0.968036 0.419203 0.056472 0.041219
