0 0.298351 0.084896 0.036111 0.028125
0 0.333073 0.332292 0.047222 0.031250
0 0.108941 0.361979 0.052778 0.028125
0 0.538628 0.086458 0.050000 0.033333
0 0.724110 0.739063 0.045833 0.038542
0 0.198351 0.557813 0.052778 0.034375
0 0.599045 0.116146 0.054167 0.036458
0 0.262240 0.557292 0.047222 0.043750
0 0.116884 0.402083 0.052778 0.045833
0 0.280990 0.220313 0.056944 0.042708
0 0.326128 0.599479 0.061111 0.044792
0 0.387240 0.430729 0.061111 0.051042
0 0.342795 0.784896 0.052778 0.069792
0 0.835851 0.057813 0.075000 0.057292
1 0.555252 0.530729 0.079167 0.098958
1 0.909462 0.966146 0.127778 0.067708
1 0.246267 0.742708 0.106944 0.102083
1 0.647656 0.915625 0.154167 0.097917
1 0.819553 0.682292 0.265278 0.141667
1 0.772656 0.256250 0.212500 0.185417
0 0.193859 0.300882 0.079069 0.061895
0 0.299244 0.084899 0.065869 0.051769
0 0.385307 0.965097 0.080429 0.058697
