0 0.228974 0.406901 0.021780 0.023990
0 0.049524 0.725714 0.020833 0.042929
0 0.850660 0.884233 0.026515 0.034091
0 0.951512 0.347222 0.031250 0.031566
0 0.964296 0.216876 0.032197 0.035353
0 0.159372 0.035058 0.035985 0.037879
0 0.100660 0.651851 0.032197 0.046717
0 0.072724 0.105133 0.029356 0.051768
0 0.344505 0.672053 0.036932 0.041667
0 0.303785 0.622179 0.031250 0.050505
0 0.148955 0.513593 0.035985 0.045455
0 0.925471 0.299676 0.053030 0.031566
0 0.316569 0.318517 0.035985 0.046717
0 0.977080 0.663707 0.031250 0.054293
0 0.445357 0.452356 0.030303 0.059343
0 0.642800 0.463719 0.044508 0.041667
0 0.186834 0.310310 0.035985 0.053030
0 0.575565 0.393880 0.038826 0.049242
0 0.188728 0.184679 0.035985 0.054293
0 0.354921 0.845664 0.036932 0.053030
0 0.689202 0.768012 0.042614 0.049242
0 0.537213 0.694780 0.037879 0.056818
0 0.568463 0.855133 0.049243 0.046717
0 0.145641 0.331143 0.052083 0.054293
0 0.034372 0.343138 0.051136 0.103535
1 0.393659 0.121512 0.121462 0.182407
1 0.275787 0.137933 0.134893 0.172984
1 0.851346 0.092992 0.147311 0.180381
1 0.705261 0.811666 0.146954 0.188079
1 0.159346 0.531888 0.318692 0.482207
1 0.658199 0.240622 0.391848 0.481244
0 0.401485 0.791150 0.048531 0.062280
0 0.174997 0.061717 0.040468 0.051442
0 0.134663 0.070627 0.041031 0.053713
0 0.839382 0.242969 0.040477 0.051646
1 0.179848 0.897156 0.144841 0.202311
1 0.900881 0.707777 0.193917 0.272501
1 0.672245 0.604160 0.360674 0.469123
