0 0.748958 0.241233 0.029167 0.043056
0 0.141667 0.635721 0.018750 0.069444
0 0.162500 0.846788 0.031250 0.059722
0 0.925000 0.094705 0.039583 0.047222
0 0.131771 0.968316 0.038542 0.058333
1 0.017708 0.346419 0.035417 0.072222
0 0.074479 0.471788 0.036458 0.070833
0 0.954167 0.041233 0.045833 0.056944
1 0.603646 0.681510 0.048958 0.059722
1 0.580208 0.585677 0.056250 0.095833
1 0.707292 0.763455 0.052083 0.106944
1 0.655208 0.203038 0.077083 0.116667
1 0.072917 0.113390 0.070833 0.129167
1 0.205208 0.033225 0.139583 0.066450
1 0.042708 0.809288 0.085417 0.109722
1 0.712500 0.519010 0.093750 0.104167
1 0.907292 0.215538 0.093750 0.105556
1 0.479167 0.550260 0.102083 0.111111
1 0.628125 0.948741 0.120833 0.102517
1 0.461458 0.943880 0.181250 0.112240
1 0.951562 0.721788 0.096875 0.248611
1 0.473958 0.139974 0.112500 0.279948
0 0.750181 0.514839 0.035961 0.046617
