0 0.176128 0.764583 0.036111 0.029167
0 0.385156 0.722917 0.054167 0.027083
0 0.222656 0.771875 0.043056 0.037500
0 0.136545 0.736979 0.054167 0.030208
0 0.101888 0.381250 0.056944 0.029167
0 0.746918 0.955208 0.068056 0.025000
0 0.135525 0.409896 0.061111 0.032292
0 0.443490 0.670833 0.048611 0.043750
0 0.415017 0.465104 0.047222 0.046875
0 0.176823 0.953125 0.059722 0.041667
0 0.683073 0.746875 0.055556 0.045833
0 0.666406 0.657812 0.058333 0.044792
0 0.914323 0.365625 0.059722 0.047917
0 0.628212 0.522917 0.059722 0.052083
0 0.371267 0.480729 0.043056 0.076042
0 0.299740 0.615104 0.072222 0.046875
0 0.102300 0.319792 0.090278 0.037500
0 0.513108 0.023958 0.080556 0.047917
0 0.792101 0.700521 0.076389 0.057292
0 0.318490 0.505729 0.070833 0.063542
0 0.549045 0.421875 0.081944 0.058333
0 0.433767 0.740625 0.098611 0.052083
1 0.337934 0.852604 0.154167 0.107292
1 0.823351 0.097917 0.188889 0.183333
1 0.897092 0.832292 0.205816 0.193750
1 0.300434 0.129167 0.226389 0.193750
0 0.940413 0.755981 0.054809 0.043731
1 0.365430 0.298639 0.181548 0.146582
0 0.491388 0.561807 0.047255 0.035476
