0 0.446634 0.922630 0.026515 0.018939
0 0.730488 0.696304 0.027778 0.022727
0 0.538806 0.909846 0.039141 0.023674
0 0.203086 0.528217 0.035353 0.027462
0 0.742483 0.346399 0.041667 0.027462
0 0.283756 0.723292 0.034091 0.035038
0 0.375927 0.982148 0.034091 0.035704
0 0.526811 0.575092 0.025252 0.049242
0 0.486407 0.887592 0.035354 0.035985
0 0.020439 0.873861 0.035354 0.036932
0 0.379715 0.031531 0.044192 0.030303
0 0.241458 0.697251 0.035354 0.039773
0 0.458531 0.156058 0.053030 0.027462
0 0.506372 0.722819 0.044192 0.037879
0 0.624033 0.843558 0.060606 0.029356
0 0.238301 0.250281 0.044192 0.041667
0 0.651180 0.502649 0.041667 0.046402
0 0.382872 0.842137 0.042929 0.045455
0 0.295750 0.035792 0.047980 0.042614
0 0.392677 0.264012 0.039141 0.053977
0 0.761423 0.663160 0.054293 0.045455
0 0.654968 0.887592 0.049242 0.062500
1 0.550170 0.814675 0.099747 0.111742
1 0.146129 0.430205 0.203283 0.117424
1 0.902644 0.333703 0.191688 0.176499
1 0.904900 0.633823 0.188087 0.215904
1 0.726051 0.090393 0.263418 0.180786
1 0.281862 0.704827 0.300505 0.195076
1 0.545993 0.433333 0.278315 0.251360
0 0.887766 0.495442 0.065560 0.048950
0 0.038927 0.756812 0.060828 0.041950
0 0.125913 0.872300 0.069926 0.054645
1 0.172886 0.057312 0.220046 0.114625
1 0.922065 0.777698 0.154641 0.185117
0 0.518085 0.576667 0.073113 0.057994
