0 0.553366 0.922630 0.026515 0.018939
0 0.269512 0.696304 0.027778 0.022727
0 0.461194 0.909846 0.039141 0.023674
0 0.796914 0.528217 0.035353 0.027462
0 0.257517 0.346399 0.041667 0.027462
0 0.716244 0.723292 0.034091 0.035038
0 0.624073 0.982148 0.034091 0.035704
0 0.473189 0.575092 0.025252 0.049242
0 0.513593 0.887592 0.035354 0.035985
0 0.979561 0.873861 0.035354 0.036932
0 0.620285 0.031531 0.044192 0.030303
0 0.758542 0.697251 0.035354 0.039773
0 0.541469 0.156058 0.053030 0.027462
0 0.493628 0.722819 0.044192 0.037879
0 0.375967 0.843558 0.060606 0.029356
0 0.761699 0.250281 0.044192 0.041667
0 0.348820 0.502649 0.041667 0.046402
0 0.617128 0.842137 0.042929 0.045455
0 0.704250 0.035792 0.047980 0.042614
0 0.607323 0.264012 0.039141 0.053977
0 0.238577 0.663160 0.054293 0.045455
0 0.345032 0.887592 0.049242 0.062500
1 0.449830 0.814675 0.099747 0.111742
1 0.853871 0.430205 0.203283 0.117424
1 0.097356 0.333703 0.191688 0.176499
1 0.095100 0.633823 0.188087 0.215904
1 0.273949 0.090393 0.263418 0.180786
1 0.718138 0.704827 0.300505 0.195076
1 0.454007 0.433333 0.278315 0.251360
0 0.110626 0.495467 0.066894 0.050135
0 0.873211 0.873021 0.065474 0.049927
1 0.814184 0.057177 0.204424 0.114355
0 0.900493 0.194038 0.058044 0.042249
0 0.958461 0.755225 0.057065 0.040171
1 0.070735 0.778789 0.140834 0.174360
