1 0.758831 0.116919 0.206998 0.232504
1 0.523143 0.451958 0.147655 0.177682
0 0.627839 0.972445 0.029160 0.036107
0 0.016540 0.895353 0.030661 0.037187
0 0.370085 0.956254 0.023171 0.031821
0 0.784938 0.373950 0.025587 0.034648
0 0.472629 0.836433 0.026123 0.038132
0 0.662286 0.461669 0.027466 0.037061
0 0.523352 0.828425 0.026495 0.032239
0 0.394136 0.698460 0.030154 0.036717
0 0.018214 0.469069 0.033598 0.041518
0 0.471194 0.177955 0.024959 0.032080
0 0.701777 0.759098 0.023761 0.034857
0 0.830884 0.188543 0.027644 0.036301
1 0.261574 0.357993 0.200309 0.297334
0 0.206274 0.479924 0.026915 0.037312
0 0.729080 0.784385 0.028782 0.036788
0 0.937023 0.617831 0.024918 0.038587
0 0.809025 0.659614 0.023315 0.032999
0 0.158384 0.310627 0.026903 0.036435
0 0.611401 0.025607 0.029852 0.037148
0 0.338574 0.940689 0.022761 0.033136
0 0.269402 0.030543 0.029441 0.036051
0 0.777939 0.899430 0.031073 0.039802
0 0.852855 0.237018 0.030595 0.040991
0 0.609924 0.869068 0.022459 0.030612
0 0.956679 0.743798 0.024559 0.030393
0 0.152596 0.364091 0.028497 0.041022
0 0.983788 0.733677 0.023628 0.030377
0 0.224884 0.506921 0.028807 0.034881
0 0.164343 0.676860 0.027143 0.038417
1 0.053359 0.351128 0.106718 0.234913
0 0.977616 0.773925 0.025368 0.038665
0 0.915982 0.076210 0.031332 0.040994
0 0.411709 0.241057 0.023503 0.033878
0 0.977628 0.703903 0.023115 0.033426
0 0.639468 0.344412 0.026950 0.036970
0 0.183477 0.515145 0.023139 0.033121
0 0.761858 0.210572 0.025179 0.033534
0 0.475226 0.914732 0.026406 0.036230
0 0.082160 0.446412 0.028241 0.033716
0 0.818526 0.626861 0.024119 0.032439
0 0.437690 0.101384 0.025082 0.035730
0 0.089077 0.527761 0.026129 0.035224
0 0.719541 0.982284 0.029953 0.035432
0 0.885231 0.210636 0.030844 0.036359
0 0.414571 0.335473 0.021337 0.030320
0 0.800322 0.187885 0.030107 0.041957
0 0.670560 0.707672 0.024798 0.034712
0 0.080881 0.805204 0.025682 0.031515
0 0.239230 0.029379 0.026266 0.035113
0 0.104796 0.439457 0.029694 0.044148
0 0.304790 0.101026 0.024128 0.030798
0 0.559009 0.966011 0.023764 0.033476
0 0.589950 0.288088 0.029003 0.036339
0 0.422635 0.471340 0.023145 0.033428
0 0.103620 0.374877 0.025188 0.036291
0 0.448249 0.579142 0.026595 0.035640
1 0.394447 0.813898 0.144698 0.197065
0 0.810475 0.852271 0.030202 0.037437
0 0.237612 0.529695 0.022896 0.029498
0 0.594603 0.885622 0.028125 0.035492
0 0.837437 0.828264 0.024466 0.031663
0 0.926944 0.768250 0.024890 0.034686
0 0.820779 0.441657 0.028414 0.035676
0 0.328411 0.974719 0.020912 0.031834
0 0.545839 0.988616 0.028480 0.022769
0 0.753304 0.252291 0.031218 0.039918
0 0.743863 0.742817 0.023778 0.034634
0 0.916567 0.921459 0.027645 0.033473
0 0.473059 0.886712 0.027338 0.040470
0 0.445438 0.858404 0.024960 0.031979
1 0.360274 0.059150 0.152124 0.118083
0 0.308980 0.781053 0.033195 0.038437
0 0.486727 0.258003 0.029018 0.033470
0 0.503360 0.860311 0.024719 0.031138
0 0.632947 0.037062 0.024654 0.037262
0 0.506383 0.020573 0.025316 0.035485
0 0.895921 0.126177 0.031541 0.053721
0 0.803164 0.398266 0.026044 0.033669
0 0.123034 0.400175 0.032440 0.038822
0 0.708039 0.468611 0.026335 0.035736
0 0.413479 0.725770 0.030939 0.033906
0 0.668977 0.331725 0.025721 0.033694
0 0.100030 0.335404 0.030962 0.041836
0 0.496306 0.785083 0.027630 0.039966
0 0.635926 0.736384 0.031239 0.038114
0 0.782669 0.753740 0.022387 0.030875
0 0.576374 0.633672 0.023231 0.031989
0 0.677237 0.759446 0.026222 0.035329
0 0.990592 0.137542 0.018815 0.034697
0 0.697413 0.686868 0.024709 0.031956
0 0.582565 0.322511 0.027874 0.034747
0 0.558916 0.332216 0.029941 0.034049
0 0.218327 0.774307 0.026851 0.034194
0 0.698953 0.718492 0.023882 0.031889
0 0.875614 0.276565 0.024475 0.035753
0 0.543395 0.262605 0.025416 0.033321
0 0.012580 0.113953 0.024771 0.035399
0 0.977830 0.115976 0.031122 0.045622
0 0.403159 0.356137 0.026863 0.039293
0 0.327734 0.903542 0.029004 0.041511
0 0.942184 0.342798 0.025028 0.034781
0 0.437465 0.726717 0.024617 0.034572
0 0.986105 0.069462 0.026638 0.039597
0 0.461179 0.235425 0.025213 0.033721
0 0.424120 0.155711 0.022480 0.034200
0 0.151905 0.394120 0.025427 0.032436
0 0.333149 0.411505 0.028549 0.044356
0 0.643848 0.395312 0.024018 0.030420
0 0.353145 0.924453 0.020333 0.031158
0 0.295015 0.841433 0.026188 0.038025
0 0.867865 0.076064 0.036030 0.047493
0 0.285229 0.059789 0.022053 0.029865
