0 0.479206 0.621161 0.060695 0.081367
0 0.772583 0.979763 0.059208 0.040473
0 0.498837 0.801023 0.078775 0.107578
0 0.880887 0.709815 0.035540 0.048877
0 0.842480 0.031566 0.057767 0.061862
0 0.958855 0.512355 0.080514 0.099912
0 0.762926 0.988501 0.056879 0.022998
0 0.623843 0.903622 0.075407 0.097785
0 0.598393 0.797202 0.070147 0.082082
0 0.803506 0.504838 0.074414 0.120656
0 0.181676 0.246069 0.065991 0.087049
0 0.044579 0.988020 0.048955 0.023666
0 0.965830 0.611616 0.068339 0.120588
0 0.130914 0.889766 0.041058 0.058820
0 0.264870 0.185902 0.024621 0.045455
0 0.274340 0.235144 0.020833 0.030303
0 0.132768 0.047644 0.042614 0.054293
0 0.109094 0.120877 0.042614 0.049242
0 0.670647 0.688427 0.029356 0.030303
0 0.655495 0.722518 0.031250 0.035353
0 0.462787 0.432114 0.034091 0.040404
0 0.288071 0.747771 0.031250 0.040404
0 0.476045 0.937165 0.039773 0.055555
0 0.438166 0.913806 0.030303 0.056818
0 0.298961 0.844993 0.022727 0.045455
0 0.270079 0.792594 0.031250 0.041667
0 0.601045 0.656230 0.022727 0.034091
0 0.280022 0.936533 0.034091 0.046717
0 0.057011 0.621508 0.040720 0.030303
0 0.653128 0.263554 0.039773 0.056818
0 0.523393 0.397392 0.039773 0.039142
0 0.829738 0.757872 0.053977 0.040404
0 0.377086 0.564059 0.027462 0.059343
