0 0.922630 0.446634 0.018939 0.026515
0 0.696304 0.730488 0.022727 0.027778
0 0.909846 0.538806 0.023674 0.039141
0 0.528217 0.203086 0.027462 0.035353
0 0.346399 0.742483 0.027462 0.041667
0 0.723292 0.283756 0.035038 0.034091
0 0.982148 0.375927 0.035704 0.034091
0 0.575092 0.526811 0.049242 0.025252
0 0.887592 0.486407 0.035985 0.035354
0 0.873861 0.020439 0.036932 0.035354
0 0.031531 0.379715 0.030303 0.044192
0 0.697251 0.241458 0.039773 0.035354
0 0.156058 0.458531 0.027462 0.053030
0 0.722819 0.506372 0.037879 0.044192
0 0.843558 0.624033 0.029356 0.060606
0 0.250281 0.238301 0.041667 0.044192
0 0.502649 0.651180 0.046402 0.041667
0 0.842137 0.382872 0.045455 0.042929
0 0.035792 0.295750 0.042614 0.047980
0 0.264012 0.392677 0.053977 0.039141
0 0.663160 0.761423 0.045455 0.054293
0 0.887592 0.654968 0.062500 0.049242
1 0.814675 0.550170 0.111742 0.099747
1 0.430205 0.146129 0.117424 0.203283
1 0.333703 0.902644 0.176499 0.191688
1 0.633823 0.904900 0.215904 0.188087
1 0.090393 0.726051 0.180786 0.263418
1 0.704827 0.281862 0.195076 0.300505
1 0.433333 0.545993 0.251360 0.278315
1 0.767587 0.924632 0.184559 0.150736
0 0.493841 0.888991 0.047825 0.062990
0 0.872194 0.127222 0.050280 0.060407
1 0.518073 0.289318 0.137620 0.194818
0 0.754998 0.040210 0.042837 0.059486
