0 0.922630 0.553366 0.018939 0.026515
0 0.696304 0.269512 0.022727 0.027778
0 0.909846 0.461194 0.023674 0.039141
0 0.528217 0.796914 0.027462 0.035353
0 0.346399 0.257517 0.027462 0.041667
0 0.723292 0.716244 0.035038 0.034091
0 0.982148 0.624073 0.035704 0.034091
0 0.575092 0.473189 0.049242 0.025252
0 0.887592 0.513593 0.035985 0.035354
0 0.873861 0.979561 0.036932 0.035354
0 0.031531 0.620285 0.030303 0.044192
0 0.697251 0.758542 0.039773 0.035354
0 0.156058 0.541469 0.027462 0.053030
0 0.722819 0.493628 0.037879 0.044192
0 0.843558 0.375967 0.029356 0.060606
0 0.250281 0.761699 0.041667 0.044192
0 0.502649 0.348820 0.046402 0.041667
0 0.842137 0.617128 0.045455 0.042929
0 0.035792 0.704250 0.042614 0.047980
0 0.264012 0.607323 0.053977 0.039141
0 0.663160 0.238577 0.045455 0.054293
0 0.887592 0.345032 0.062500 0.049242
1 0.814675 0.449830 0.111742 0.099747
1 0.430205 0.853871 0.117424 0.203283
1 0.333703 0.097356 0.176499 0.191688
1 0.633823 0.095100 0.215904 0.188087
1 0.090393 0.273949 0.180786 0.263418
1 0.704827 0.718138 0.195076 0.300505
1 0.433333 0.454007 0.251360 0.278315
1 0.520065 0.715050 0.132323 0.188733
0 0.493627 0.111586 0.052735 0.070067
1 0.056681 0.815960 0.113362 0.217651
0 0.872727 0.874668 0.055660 0.068829
0 0.754464 0.962199 0.043192 0.059844
