1 0.407759 0.411424 0.282847 0.383304
1 0.103252 0.909951 0.154419 0.176885
1 0.873309 0.743839 0.252403 0.414062
1 0.829037 0.396011 0.147139 0.194498
0 0.536518 0.794329 0.065921 0.080265
0 0.467848 0.347283 0.029737 0.039687
0 0.308075 0.770563 0.046336 0.060474
0 0.698895 0.571545 0.044447 0.060420
1 0.162593 0.101256 0.130197 0.154749
0 0.628833 0.442406 0.057324 0.073166
0 0.219415 0.509241 0.079330 0.092243
0 0.788363 0.185048 0.036731 0.046920
1 0.261092 0.930034 0.144538 0.139212
1 0.613525 0.041737 0.136627 0.083015
0 0.514216 0.023382 0.049555 0.046635
0 0.232098 0.518206 0.041562 0.059944
0 0.596118 0.854122 0.045494 0.062716
