3 0.605208 0.781684 0.150000 0.194445
3 0.902604 0.704601 0.157292 0.226389
3 0.653646 0.931120 0.309375 0.137760
3 0.451042 0.415712 0.156250 0.265278
2 0.915625 0.406684 0.047917 0.055555
2 0.646875 0.519184 0.016667 0.044445
2 0.667708 0.560156 0.031250 0.045833
2 0.665625 0.374740 0.050000 0.050000
2 0.082292 0.551129 0.056250 0.063889
2 0.330729 0.296962 0.067708 0.041667
2 0.226562 0.401128 0.040625 0.050000
2 0.375521 0.126302 0.044792 0.051389
2 0.590625 0.436328 0.033333 0.066667
2 0.688542 0.776194 0.027083 0.041667
2 0.082813 0.334136 0.042708 0.055555
2 0.284375 0.644835 0.031250 0.038889
2 0.531250 0.688628 0.035417 0.063889
2 0.139062 0.971267 0.042708 0.043056
2 0.891146 0.478212 0.036458 0.073611
2 0.339583 0.130990 0.039583 0.048611
