0 0.558586 0.838020 0.044994 0.048369
0 0.778309 0.710911 0.052493 0.048369
0 0.159636 0.643982 0.053993 0.047244
0 0.836802 0.169291 0.052493 0.049494
0 0.185133 0.697413 0.056993 0.048369
0 0.909543 0.645107 0.062992 0.044994
0 0.929790 0.199663 0.064492 0.053993
0 0.944788 0.276715 0.058493 0.061867
0 0.483596 0.847582 0.065992 0.062992
0 0.955287 0.890326 0.058493 0.071991
0 0.469348 0.938133 0.067492 0.066367
0 0.318616 0.155793 0.065992 0.071991
0 0.226378 0.158605 0.076490 0.084364
0 0.078646 0.485377 0.098988 0.078740
0 0.055821 0.912823 0.111642 0.080990
0 0.796307 0.509561 0.100487 0.091114
0 0.574334 0.492126 0.121485 0.078740
0 0.627578 0.677165 0.104987 0.091114
0 0.737814 0.853768 0.100487 0.106862
1 0.413855 0.577053 0.166479 0.066367
0 0.161970 0.670630 0.132636 0.107353
0 0.923692 0.640868 0.126128 0.087816
