0 0.412240 0.277604 0.030555 0.023958
0 0.380990 0.290104 0.037500 0.023958
0 0.542101 0.782812 0.043056 0.023958
0 0.037934 0.145312 0.034722 0.030208
0 0.497656 0.486458 0.031944 0.033333
0 0.449740 0.427083 0.030556 0.035417
0 0.101128 0.386458 0.033333 0.035417
0 0.421267 0.446875 0.034722 0.035417
0 0.533073 0.641667 0.047222 0.027083
0 0.076823 0.423958 0.034722 0.037500
0 0.485851 0.841667 0.041667 0.031250
0 0.128906 0.400000 0.033333 0.041667
0 0.648351 0.258854 0.044444 0.032292
0 0.869879 0.531250 0.043056 0.037500
0 0.765082 0.354167 0.047222 0.035417
0 0.951128 0.058854 0.044444 0.038542
0 0.771962 0.662500 0.044444 0.039583
0 0.632378 0.478125 0.043056 0.041667
0 0.843490 0.081250 0.048611 0.037500
0 0.072613 0.313021 0.041667 0.044792
0 0.673720 0.026562 0.070833 0.036458
0 0.450434 0.768229 0.056945 0.046875
0 0.110851 0.857292 0.052778 0.056250
0 0.384462 0.236979 0.077778 0.040625
0 0.265712 0.750521 0.062500 0.061458
0 0.173524 0.882812 0.068056 0.057292
0 0.811328 0.886458 0.069444 0.058333
1 0.774045 0.185937 0.145833 0.128125
1 0.463628 0.901563 0.188889 0.196875
1 0.727517 0.457292 0.338889 0.175000
1 0.264323 0.313021 0.301389 0.230208
1 0.801953 0.869792 0.396094 0.260417
0 0.789405 0.805030 0.064384 0.045853
1 0.680321 0.826175 0.194463 0.154794
