0 0.578212 0.615625 0.026389 0.022917
0 0.792795 0.673958 0.033333 0.027083
0 0.353906 0.187500 0.027778 0.033333
0 0.142795 0.170312 0.027778 0.036458
0 0.442101 0.677604 0.029167 0.036458
0 0.124913 0.420833 0.034722 0.035417
0 0.281684 0.807292 0.033333 0.039583
0 0.028212 0.866667 0.043056 0.033333
0 0.346962 0.286458 0.038889 0.037500
0 0.565712 0.681771 0.031944 0.046875
0 0.095356 0.842708 0.037500 0.041667
0 0.868490 0.843229 0.037500 0.042708
0 0.696962 0.771354 0.047222 0.038542
0 0.922721 0.722917 0.045833 0.043750
0 0.034462 0.477083 0.055556 0.064583
0 0.060851 0.339063 0.061111 0.059375
0 0.474045 0.628646 0.068056 0.061458
1 0.369184 0.048438 0.136111 0.096875
1 0.619878 0.907292 0.151389 0.129167
1 0.188628 0.694792 0.202778 0.102083
1 0.819878 0.051562 0.209722 0.103125
1 0.366406 0.949479 0.225000 0.101042
1 0.696962 0.168750 0.202778 0.114583
1 0.626779 0.501563 0.177778 0.146875
1 0.298025 0.445833 0.275000 0.227083
0 0.853156 0.810282 0.051800 0.038160
0 0.855465 0.641240 0.050122 0.038636
0 0.596305 0.070767 0.074115 0.053372
0 0.035801 0.969274 0.058753 0.042222
1 0.063739 0.237253 0.127478 0.165335
0 0.052488 0.707850 0.045883 0.036242
0 0.941891 0.252520 0.051263 0.040516
0 0.984793 0.375581 0.030415 0.038916
