0 0.305990 0.742188 0.020833 0.034375
0 0.465191 0.159896 0.037500 0.019792
0 0.312934 0.779687 0.031945 0.023958
0 0.492578 0.145833 0.037500 0.022917
0 0.281684 0.722396 0.030556 0.028125
0 0.294878 0.806771 0.031944 0.030208
0 0.499045 0.469271 0.040278 0.026042
0 0.799045 0.083854 0.031944 0.034375
0 0.479601 0.196354 0.054167 0.021875
0 0.424045 0.520312 0.043056 0.032292
0 0.597613 0.574479 0.052778 0.028125
0 0.685851 0.680208 0.036111 0.041667
0 0.608767 0.341667 0.043055 0.037500
0 0.349045 0.481250 0.045833 0.035417
0 0.650434 0.687500 0.040278 0.041667
0 0.309462 0.958854 0.038889 0.044792
0 0.767101 0.700000 0.034722 0.056250
0 0.799805 0.572917 0.047222 0.043750
0 0.978342 0.906771 0.043316 0.051042
0 0.745942 0.531250 0.056944 0.066667
1 0.485851 0.330208 0.141667 0.104167
1 0.276823 0.428646 0.190278 0.128125
1 0.649045 0.224479 0.170833 0.151042
1 0.163628 0.133333 0.238889 0.177083
1 0.557378 0.919271 0.359722 0.161458
1 0.926412 0.424971 0.146669 0.168650
1 0.488359 0.061063 0.225484 0.121856
0 0.073207 0.708083 0.060812 0.044234
0 0.353816 0.525785 0.055402 0.045025
0 0.168191 0.268943 0.055406 0.044769
