0 0.403646 0.533073 0.071875 0.047222
0 0.308854 0.261545 0.046875 0.062500
0 0.581771 0.479601 0.038542 0.065278
0 0.789063 0.511545 0.055208 0.076389
0 0.816146 0.296962 0.032292 0.069444
0 0.976042 0.826129 0.033333 0.077778
0 0.955729 0.927517 0.051042 0.052778
0 0.095313 0.976129 0.042708 0.044444
0 0.755729 0.643490 0.019792 0.034722
0 0.338542 0.053212 0.039583 0.054167
0 0.244271 0.068490 0.061458 0.048611
0 0.463542 0.599219 0.054167 0.066667
0 0.270313 0.773134 0.030208 0.051389
0 0.160417 0.785916 0.043750 0.044444
0 0.780208 0.717470 0.037500 0.052778
0 0.949479 0.189280 0.036458 0.086111
0 0.870313 0.837240 0.042708 0.066667
0 0.282292 0.877517 0.047917 0.050000
1 0.362500 0.808767 0.191667 0.223611
1 0.593229 0.699045 0.151042 0.151389
1 0.750000 0.920703 0.256250 0.158594
1 0.888021 0.528906 0.163542 0.269444
