0 0.048577 0.127821 0.022727 0.032828
0 0.804732 0.687796 0.021780 0.049242
0 0.783425 0.714942 0.030303 0.042929
0 0.949145 0.899286 0.028409 0.047980
0 0.612497 0.300170 0.036932 0.041667
0 0.054732 0.170750 0.033144 0.047980
0 0.848766 0.482619 0.037879 0.042929
0 0.917421 0.810271 0.042614 0.041667
0 0.917421 0.577316 0.029356 0.063131
0 0.271588 0.302064 0.052083 0.040404
0 0.412686 0.287543 0.052083 0.044192
0 0.907478 0.961786 0.043561 0.056818
0 0.369126 0.222518 0.052083 0.047980
0 0.483930 0.544528 0.056488 0.073247
1 0.931955 0.220724 0.105710 0.132733
1 0.203894 0.440208 0.120551 0.152137
1 0.950424 0.352128 0.097683 0.190724
1 0.066098 0.478947 0.126493 0.181487
1 0.618435 0.725963 0.142979 0.170019
1 0.750443 0.921858 0.163095 0.156285
1 0.072851 0.856626 0.143096 0.255894
1 0.223100 0.878164 0.200204 0.238480
1 0.685149 0.504891 0.213454 0.278357
1 0.439206 0.837085 0.261473 0.316554
1 0.474853 0.207378 0.346947 0.414757
0 0.255217 0.144428 0.055498 0.069511
