0 0.286458 0.876823 0.035417 0.054167
0 0.099479 0.622656 0.032292 0.073611
0 0.046875 0.485156 0.041667 0.065278
0 0.081771 0.225434 0.046875 0.093056
0 0.090104 0.078906 0.057292 0.069444
0 0.575521 0.261545 0.094792 0.073611
0 0.553125 0.330295 0.087500 0.066667
0 0.670833 0.211545 0.075000 0.109722
0 0.727604 0.285851 0.051042 0.063889
0 0.839583 0.448351 0.083333 0.083333
0 0.781771 0.760851 0.053125 0.083333
0 0.790104 0.637413 0.044792 0.051389
0 0.751563 0.628689 0.023958 0.065278
0 0.398438 0.572721 0.046875 0.056944
0 0.425521 0.536220 0.048958 0.065278
0 0.491146 0.949696 0.042708 0.068056
1 0.892708 0.205425 0.214583 0.410851
1 0.244792 0.164323 0.162500 0.298611
1 0.496354 0.455990 0.101042 0.120833
