0 0.414947 0.026394 0.056762 0.052788
0 0.887025 0.058426 0.046968 0.064828
0 0.138012 0.334977 0.051883 0.074483
0 0.453012 0.327501 0.053418 0.073370
1 0.248786 0.806954 0.106540 0.152518
1 0.296370 0.942045 0.162218 0.115909
1 0.057811 0.088615 0.115622 0.174922
1 0.776614 0.209049 0.124189 0.169466
1 0.771194 0.420849 0.211791 0.251323
1 0.578188 0.904538 0.295846 0.190924
1 0.370754 0.593534 0.230156 0.272629
0 0.089386 0.218828 0.035244 0.046795
0 0.463187 0.260778 0.036129 0.049104
0 0.935506 0.873566 0.040754 0.058210
0 0.246241 0.241580 0.040934 0.053310
0 0.786257 0.674777 0.045246 0.058283
0 0.649833 0.914982 0.054651 0.076253
0 0.664087 0.125080 0.041541 0.053979
0 0.220546 0.137568 0.049532 0.063626
0 0.494680 0.555786 0.034185 0.046719
0 0.528274 0.579606 0.040472 0.054089
0 0.443473 0.615901 0.048229 0.059916
0 0.796949 0.753437 0.044290 0.052152
0 0.861483 0.492801 0.041346 0.050990
0 0.218384 0.458070 0.037294 0.049802
0 0.149378 0.606658 0.033558 0.044192
0 0.546571 0.500008 0.036528 0.047922
0 0.014617 0.323357 0.028644 0.046078
