0 0.900434 0.238021 0.023611 0.026042
0 0.250434 0.447396 0.023611 0.028125
0 0.844141 0.215625 0.034722 0.022917
0 0.712609 0.861979 0.045833 0.028125
0 0.804384 0.802083 0.050000 0.041667
0 0.619184 0.980208 0.075000 0.031250
0 0.378212 0.744792 0.062500 0.039583
0 0.524740 0.773958 0.066667 0.037500
0 0.642101 0.857812 0.045833 0.063542
0 0.732444 0.761458 0.059722 0.054167
1 0.230295 0.841667 0.066667 0.058333
0 0.159635 0.092708 0.090278 0.072917
1 0.258767 0.908854 0.109722 0.071875
1 0.589323 0.069271 0.131944 0.084375
1 0.430295 0.144792 0.113889 0.116667
1 0.111545 0.825521 0.112500 0.119792
1 0.694184 0.510937 0.133333 0.105208
1 0.069314 0.401042 0.138628 0.185417
1 0.455295 0.626563 0.169444 0.153125
1 0.624045 0.269271 0.206944 0.136458
0 0.902325 0.785410 0.066916 0.049831
0 0.880348 0.135950 0.072769 0.060254
0 0.905886 0.242460 0.066576 0.046733
0 0.919868 0.470802 0.061898 0.058895
