0 0.371311 0.248437 0.065278 0.023958
0 0.123177 0.713542 0.054167 0.035417
0 0.362587 0.209896 0.051389 0.044792
0 0.377344 0.900521 0.073611 0.032292
0 0.427279 0.601562 0.056944 0.046875
0 0.514844 0.953125 0.065278 0.041667
0 0.050304 0.508854 0.068056 0.042708
0 0.463780 0.574479 0.065278 0.048958
0 0.714149 0.272396 0.063889 0.051042
0 0.921094 0.909896 0.069444 0.057292
0 0.774566 0.918229 0.093056 0.046875
0 0.239149 0.218229 0.083333 0.053125
0 0.669705 0.446875 0.066667 0.087500
0 0.551649 0.160417 0.083333 0.083333
0 0.738455 0.424479 0.073611 0.094792
0 0.788455 0.329167 0.109722 0.075000
1 0.544010 0.503646 0.120833 0.101042
1 0.835677 0.755208 0.298611 0.162500
1 0.794575 0.107292 0.410851 0.214583
