0 0.371311 0.751563 0.065278 0.023958
0 0.123177 0.286458 0.054167 0.035417
0 0.362587 0.790104 0.051389 0.044792
0 0.377344 0.099479 0.073611 0.032292
0 0.427279 0.398438 0.056944 0.046875
0 0.514844 0.046875 0.065278 0.041667
0 0.050304 0.491146 0.068056 0.042708
0 0.463780 0.425521 0.065278 0.048958
0 0.714149 0.727604 0.063889 0.051042
0 0.921094 0.090104 0.069444 0.057292
0 0.774566 0.081771 0.093056 0.046875
0 0.239149 0.781771 0.083333 0.053125
0 0.669705 0.553125 0.066667 0.087500
0 0.551649 0.839583 0.083333 0.083333
0 0.738455 0.575521 0.073611 0.094792
0 0.788455 0.670833 0.109722 0.075000
1 0.544010 0.496354 0.120833 0.101042
1 0.835677 0.244792 0.298611 0.162500
1 0.794575 0.892708 0.410851 0.214583
