0 0.742188 0.305990 0.034375 0.020833
0 0.159896 0.465191 0.019792 0.037500
0 0.779687 0.312934 0.023958 0.031945
0 0.145833 0.492578 0.022917 0.037500
0 0.722396 0.281684 0.028125 0.030556
0 0.806771 0.294878 0.030208 0.031944
0 0.469271 0.499045 0.026042 0.040278
0 0.083854 0.799045 0.034375 0.031944
0 0.196354 0.479601 0.021875 0.054167
0 0.520312 0.424045 0.032292 0.043056
0 0.574479 0.597613 0.028125 0.052778
0 0.680208 0.685851 0.041667 0.036111
0 0.341667 0.608767 0.037500 0.043055
0 0.481250 0.349045 0.035417 0.045833
0 0.687500 0.650434 0.041667 0.040278
0 0.958854 0.309462 0.044792 0.038889
0 0.700000 0.767101 0.056250 0.034722
0 0.572917 0.799805 0.043750 0.047222
0 0.906771 0.978342 0.051042 0.043316
0 0.531250 0.745942 0.066667 0.056944
1 0.330208 0.485851 0.104167 0.141667
1 0.428646 0.276823 0.128125 0.190278
1 0.224479 0.649045 0.151042 0.170833
1 0.133333 0.163628 0.177083 0.238889
1 0.919271 0.557378 0.161458 0.359722
1 0.059692 0.505020 0.118214 0.218564
1 0.420575 0.927225 0.168636 0.143829
0 0.708561 0.073262 0.042340 0.057824
0 0.523537 0.353654 0.048235 0.060430
0 0.966969 0.277818 0.045444 0.056910
1 0.153137 0.912074 0.130989 0.160713
