0 0.472483 0.414062 0.041667 0.021875
0 0.490538 0.286458 0.038889 0.031250
0 0.742622 0.405208 0.040278 0.031250
0 0.644705 0.248438 0.047222 0.028125
0 0.405121 0.945313 0.056944 0.036458
0 0.113455 0.853646 0.054167 0.038542
0 0.777344 0.260938 0.051389 0.051042
0 0.698177 0.627604 0.059722 0.044792
1 0.331510 0.412500 0.173611 0.095833
1 0.897005 0.810417 0.191667 0.158333
1 0.911241 0.483854 0.177517 0.182292
1 0.359418 0.560417 0.718837 0.077083
1 0.284288 0.145833 0.243056 0.291667
1 0.075403 0.519345 0.150807 0.213436
1 0.129174 0.933379 0.252151 0.132778
1 0.716883 0.881642 0.197848 0.164276
0 0.122737 0.385317 0.070060 0.050702
