0 0.823872 0.764583 0.036111 0.029167
0 0.614844 0.722917 0.054167 0.027083
0 0.777344 0.771875 0.043056 0.037500
0 0.863455 0.736979 0.054167 0.030208
0 0.898112 0.381250 0.056944 0.029167
0 0.253082 0.955208 0.068056 0.025000
0 0.864475 0.409896 0.061111 0.032292
0 0.556510 0.670833 0.048611 0.043750
0 0.584983 0.465104 0.047222 0.046875
0 0.823177 0.953125 0.059722 0.041667
0 0.316927 0.746875 0.055556 0.045833
0 0.333594 0.657812 0.058333 0.044792
0 0.085677 0.365625 0.059722 0.047917
0 0.371788 0.522917 0.059722 0.052083
0 0.628733 0.480729 0.043056 0.076042
0 0.700260 0.615104 0.072222 0.046875
0 0.897700 0.319792 0.090278 0.037500
0 0.486892 0.023958 0.080556 0.047917
0 0.207899 0.700521 0.076389 0.057292
0 0.681510 0.505729 0.070833 0.063542
0 0.450955 0.421875 0.081944 0.058333
0 0.566233 0.740625 0.098611 0.052083
1 0.662066 0.852604 0.154167 0.107292
1 0.176649 0.097917 0.188889 0.183333
1 0.102908 0.832292 0.205816 0.193750
1 0.699566 0.129167 0.226389 0.193750
1 0.630968 0.295901 0.171439 0.141615
1 0.488004 0.892923 0.141316 0.111921
