1 0.897705 0.712259 0.189545 0.237889
1 0.597707 0.778903 0.153315 0.220267
1 0.123698 0.916221 0.111501 0.159667
1 0.953362 0.058912 0.093277 0.117825
1 0.536569 0.040388 0.142040 0.079709
1 0.965421 0.326696 0.069157 0.224077
1 0.463789 0.484581 0.116990 0.150488
1 0.426000 0.356125 0.071000 0.130667
1 0.310000 0.562479 0.069000 0.122667
1 0.180500 0.276583 0.040000 0.109333
1 0.627500 0.186583 0.090000 0.108000
1 0.286500 0.774583 0.050000 0.126667
1 0.450500 0.643250 0.092000 0.069333
1 0.734000 0.841250 0.101000 0.150667
1 0.618000 0.959625 0.245000 0.080750
1 0.363500 0.964292 0.052000 0.071417
1 0.429000 0.768583 0.061000 0.061333
