0 0.951423 0.872179 0.022727 0.032828
0 0.195268 0.312204 0.021780 0.049242
0 0.216575 0.285058 0.030303 0.042929
0 0.050855 0.100714 0.028409 0.047980
0 0.387503 0.699830 0.036932 0.041667
0 0.945268 0.829250 0.033144 0.047980
0 0.151234 0.517381 0.037879 0.042929
0 0.082579 0.189729 0.042614 0.041667
0 0.082579 0.422684 0.029356 0.063131
0 0.728412 0.697936 0.052083 0.040404
0 0.587314 0.712457 0.052083 0.044192
0 0.092522 0.038214 0.043561 0.056818
0 0.630874 0.777482 0.052083 0.047980
0 0.516070 0.455472 0.056488 0.073247
1 0.068045 0.779276 0.105710 0.132733
1 0.796106 0.559792 0.120551 0.152137
1 0.049576 0.647872 0.097683 0.190724
1 0.933902 0.521053 0.126493 0.181487
1 0.381565 0.274037 0.142979 0.170019
1 0.249557 0.078142 0.163095 0.156285
1 0.927149 0.143374 0.143096 0.255894
1 0.776900 0.121836 0.200204 0.238480
1 0.314851 0.495109 0.213454 0.278357
1 0.560794 0.162915 0.261473 0.316554
1 0.525147 0.792622 0.346947 0.414757
0 0.743738 0.858196 0.054357 0.066912
