0 0.508434 0.576058 0.034611 0.024917
0 0.086086 0.388026 0.035294 0.025114
0 0.033410 0.618097 0.036339 0.025721
0 0.171800 0.216353 0.036579 0.026093
0 0.683223 0.243967 0.037219 0.026614
0 0.068393 0.474144 0.037042 0.027080
0 0.760919 0.886609 0.036152 0.027838
0 0.251393 0.277310 0.038015 0.026762
0 0.472936 0.949774 0.038081 0.027722
0 0.185190 0.566683 0.037340 0.028442
0 0.477352 0.165396 0.039164 0.027138
0 0.808536 0.117523 0.038217 0.027860
0 0.460622 0.278665 0.038645 0.027593
0 0.312257 0.484232 0.037071 0.029025
0 0.722722 0.721241 0.037271 0.028912
0 0.727535 0.081358 0.037461 0.028883
0 0.379717 0.353099 0.037818 0.028624
0 0.757257 0.860657 0.038430 0.028436
0 0.121776 0.545401 0.039107 0.028318
0 0.233703 0.418039 0.038303 0.029191
0 0.306310 0.675558 0.039196 0.028583
0 0.220879 0.346142 0.038177 0.029374
0 0.673397 0.984711 0.037607 0.029824
0 0.423985 0.518556 0.040114 0.027991
0 0.046394 0.392188 0.038832 0.029098
0 0.919210 0.075913 0.039328 0.028904
0 0.881879 0.940382 0.038675 0.029526
0 0.596493 0.049869 0.041522 0.027736
0 0.239709 0.528501 0.039477 0.029221
0 0.116499 0.375217 0.038766 0.029800
0 0.471277 0.297064 0.038465 0.030181
0 0.604544 0.947576 0.038711 0.030324
0 0.151921 0.031038 0.040982 0.028844
0 0.263588 0.371579 0.038987 0.030604
0 0.383519 0.218292 0.039514 0.030367
0 0.060510 0.632114 0.039536 0.031042
0 0.069158 0.670476 0.041175 0.030028
0 0.633837 0.950344 0.040726 0.030394
0 0.514819 0.195281 0.042772 0.030695
0 0.554426 0.584635 0.043317 0.030871
0 0.861453 0.426296 0.040439 0.033334
0 0.278193 0.311514 0.042519 0.032017
0 0.699494 0.813099 0.042634 0.031955
0 0.171463 0.631208 0.044155 0.031104
0 0.355983 0.828917 0.046330 0.029665
0 0.446699 0.117091 0.043458 0.031792
0 0.386052 0.805094 0.042143 0.032837
0 0.735585 0.392194 0.043460 0.032009
0 0.620051 0.473852 0.042472 0.032903
0 0.658544 0.234779 0.044610 0.032339
0 0.045393 0.021565 0.043356 0.033708
0 0.371066 0.500716 0.043518 0.033611
0 0.972035 0.839412 0.046229 0.032270
0 0.521220 0.075046 0.044942 0.033998
0 0.062131 0.052093 0.045246 0.034033
0 0.679681 0.938357 0.050182 0.032126
0 0.097506 0.263883 0.042720 0.038742
0 0.869636 0.511579 0.048444 0.034416
0 0.143333 0.288402 0.044384 0.037819
0 0.254616 0.632930 0.050077 0.034922
0 0.434246 0.771086 0.045243 0.039525
0 0.918868 0.550091 0.052284 0.035075
0 0.207844 0.232525 0.047763 0.038716
0 0.532557 0.268224 0.049222 0.038165
0 0.478265 0.337318 0.050455 0.037776
0 0.230199 0.456970 0.050901 0.038800
0 0.508489 0.635525 0.051809 0.039121
0 0.281058 0.341553 0.049714 0.040896
0 0.762830 0.931731 0.054950 0.037735
1 0.181833 0.691000 0.196000 0.315000
1 0.489833 0.623000 0.297333 0.251000
0 0.294281 0.769785 0.040598 0.029420
0 0.343742 0.459531 0.040633 0.030869
0 0.485624 0.470184 0.037023 0.027503
0 0.775612 0.832432 0.047117 0.034998
0 0.484576 0.120553 0.045818 0.034240
0 0.957366 0.303368 0.051582 0.038893
0 0.722778 0.255808 0.040665 0.029115
0 0.436920 0.932783 0.040717 0.031196
0 0.298175 0.789100 0.033705 0.024692
0 0.842279 0.491034 0.047319 0.037292
0 0.227234 0.021486 0.036440 0.026626
0 0.415500 0.092652 0.039542 0.029023
0 0.455237 0.032457 0.048148 0.036810
0 0.326731 0.522849 0.036730 0.028039
0 0.400363 0.591488 0.045138 0.032476
0 0.870274 0.672170 0.049488 0.037512
0 0.944130 0.251831 0.037832 0.028626
0 0.949144 0.652814 0.046250 0.032657
0 0.399425 0.041728 0.051230 0.036331
0 0.562886 0.850232 0.049467 0.036531
0 0.693414 0.410033 0.039792 0.027985
0 0.678863 0.395669 0.039049 0.029440
0 0.566260 0.356887 0.040554 0.029423
0 0.284762 0.184060 0.042075 0.034199
0 0.680278 0.543696 0.037870 0.029459
0 0.975779 0.358957 0.047646 0.046273
0 0.012460 0.332304 0.024920 0.029967
0 0.380457 0.850573 0.041664 0.030279
0 0.792669 0.194540 0.032485 0.024185
0 0.986595 0.396823 0.026811 0.041855
0 0.241212 0.117189 0.036548 0.027088
0 0.136421 0.152946 0.034907 0.026648
0 0.283299 0.162585 0.040126 0.029199
0 0.619604 0.165155 0.038425 0.028969
0 0.289027 0.621010 0.041883 0.029181
0 0.128121 0.413921 0.060340 0.039689
0 0.939203 0.012400 0.042311 0.024801
