0 0.040441 0.165183 0.031052 0.041013
0 0.078515 0.334748 0.030183 0.042241
0 0.683080 0.443361 0.025200 0.034744
0 0.714716 0.664580 0.024685 0.034045
0 0.013548 0.313134 0.026975 0.037992
0 0.784659 0.059120 0.027783 0.038153
0 0.722556 0.288678 0.030217 0.041997
0 0.127772 0.689158 0.026301 0.033784
0 0.535809 0.378860 0.027584 0.036996
0 0.279986 0.326743 0.026647 0.033591
0 0.244114 0.154050 0.028744 0.035133
0 0.753954 0.146358 0.035561 0.052490
0 0.655164 0.203149 0.026952 0.037330
0 0.424066 0.069494 0.026035 0.036381
0 0.869505 0.361416 0.026069 0.036325
0 0.909399 0.422235 0.023154 0.030446
0 0.621859 0.222139 0.025665 0.037270
0 0.291224 0.361647 0.031554 0.039317
0 0.098120 0.394205 0.027450 0.034510
0 0.786123 0.113371 0.029000 0.040737
0 0.156979 0.188472 0.030267 0.045512
0 0.610907 0.276473 0.027131 0.034587
0 0.158210 0.128007 0.030938 0.037803
0 0.150967 0.976747 0.029555 0.040238
0 0.675123 0.666839 0.028687 0.039094
0 0.895300 0.755525 0.025386 0.034485
0 0.833793 0.797280 0.024164 0.035426
0 0.032589 0.209427 0.028764 0.035244
0 0.267693 0.091509 0.029238 0.034997
0 0.747884 0.472780 0.024420 0.034797
0 0.722887 0.622422 0.025120 0.034133
0 0.210463 0.860475 0.024506 0.035336
0 0.099613 0.600442 0.033975 0.046885
0 0.910294 0.787232 0.030614 0.040688
0 0.890066 0.024245 0.027411 0.039447
0 0.915342 0.510290 0.024616 0.034486
0 0.365020 0.611146 0.023957 0.032728
0 0.127956 0.638805 0.025952 0.034256
0 0.386286 0.169576 0.024415 0.037170
0 0.785170 0.425942 0.025139 0.034005
0 0.183878 0.079885 0.034705 0.045208
0 0.148681 0.390779 0.030826 0.038090
0 0.243367 0.122053 0.029298 0.038516
0 0.210633 0.125783 0.025342 0.033152
0 0.585861 0.556883 0.028739 0.038428
0 0.805945 0.224583 0.027571 0.039471
0 0.122253 0.131725 0.030910 0.038887
0 0.446154 0.600111 0.031966 0.040802
0 0.136997 0.424387 0.026132 0.034113
0 0.932080 0.400948 0.027734 0.034576
0 0.323454 0.648276 0.028042 0.038540
0 0.980458 0.166135 0.037492 0.055725
0 0.371617 0.459839 0.027913 0.034025
0 0.232511 0.862083 0.029743 0.037479
0 0.862285 0.155568 0.030844 0.047220
0 0.692561 0.702919 0.029013 0.040241
0 0.913774 0.192589 0.031636 0.046054
0 0.636085 0.258752 0.024187 0.035264
0 0.689759 0.895223 0.031875 0.054015
0 0.395290 0.858812 0.024487 0.033439
0 0.623002 0.605238 0.037561 0.047691
0 0.156338 0.294173 0.026031 0.037648
0 0.410929 0.742408 0.028152 0.042668
0 0.724696 0.698613 0.034014 0.048192
0 0.463102 0.043200 0.024639 0.032866
0 0.870783 0.212597 0.030591 0.037505
0 0.237406 0.584355 0.029409 0.041182
0 0.142974 0.749475 0.028160 0.039698
0 0.225005 0.444435 0.026788 0.039230
0 0.308868 0.238606 0.023287 0.033494
0 0.260017 0.433578 0.034759 0.042341
0 0.220325 0.260417 0.028497 0.034217
0 0.311976 0.112626 0.027877 0.036079
0 0.864929 0.310266 0.026275 0.037618
0 0.702075 0.221793 0.026140 0.035486
0 0.571044 0.640263 0.030588 0.041344
0 0.687696 0.322877 0.030396 0.038543
0 0.498221 0.192877 0.023940 0.032843
0 0.488361 0.284754 0.025585 0.037046
0 0.154425 0.881031 0.031423 0.042626
0 0.517751 0.646763 0.031674 0.042973
0 0.921789 0.461230 0.029004 0.036380
0 0.243104 0.470479 0.032946 0.037820
0 0.407442 0.391785 0.028607 0.041227
0 0.308379 0.468766 0.029551 0.036955
0 0.292045 0.247008 0.027710 0.033613
0 0.852992 0.858823 0.030079 0.040825
0 0.597296 0.936715 0.024857 0.033192
0 0.452037 0.435167 0.027025 0.036401
0 0.710012 0.458852 0.024030 0.029742
0 0.313153 0.534730 0.026981 0.038424
0 0.101924 0.687458 0.027373 0.033806
0 0.183643 0.233116 0.032689 0.042952
0 0.690019 0.605523 0.032546 0.039934
0 0.314420 0.925979 0.026733 0.034089
0 0.279317 0.068659 0.029041 0.040800
0 0.293071 0.159969 0.031432 0.037113
0 0.298507 0.087677 0.027742 0.038412
0 0.039233 0.779844 0.030501 0.040724
0 0.143849 0.314500 0.025892 0.036637
1 0.293500 0.765833 0.178000 0.193333
1 0.096500 0.107167 0.164000 0.158667
1 0.259000 0.540500 0.229000 0.174667
