1 0.067888 0.856958 0.135777 0.161507
1 0.266257 0.833149 0.128028 0.151534
1 0.050143 0.073961 0.099472 0.147923
1 0.342996 0.456876 0.101363 0.141089
1 0.633887 0.779282 0.141781 0.155562
1 0.664621 0.696351 0.228156 0.274189
1 0.718574 0.164366 0.106573 0.141858
1 0.236533 0.952262 0.094225 0.095476
1 0.412507 0.048602 0.139650 0.097205
1 0.383612 0.218760 0.117662 0.145676
1 0.051409 0.696186 0.101020 0.169244
1 0.216717 0.389391 0.131567 0.137166
0 0.943700 0.791538 0.042875 0.061765
1 0.272545 0.872694 0.196972 0.248509
1 0.627492 0.365612 0.120366 0.178788
1 0.722751 0.484670 0.103203 0.145233
1 0.205457 0.512529 0.140810 0.157228
1 0.955280 0.076437 0.089441 0.152874
1 0.822863 0.608246 0.099950 0.149580
1 0.110278 0.557883 0.149080 0.167427
1 0.713209 0.634101 0.127195 0.175200
0 0.815060 0.218099 0.032197 0.036616
0 0.422067 0.682114 0.041667 0.055556
0 0.663545 0.922013 0.047349 0.055556
0 0.343942 0.790069 0.038826 0.039141
0 0.958999 0.371508 0.053030 0.053030
0 0.836367 0.349412 0.040720 0.046717
0 0.585420 0.120245 0.046402 0.045455
