0 0.371354 0.474045 0.061458 0.068056
0 0.322396 0.442101 0.036458 0.029167
0 0.156771 0.868490 0.042708 0.037500
0 0.326042 0.792795 0.027083 0.033333
0 0.228646 0.696962 0.038542 0.047222
0 0.384375 0.578212 0.022917 0.026389
0 0.318229 0.565712 0.046875 0.031944
0 0.192708 0.281684 0.039583 0.033333
0 0.713542 0.346962 0.037500 0.038889
0 0.812500 0.353906 0.033333 0.027778
0 0.829688 0.142795 0.036458 0.027778
0 0.579167 0.124913 0.035417 0.034722
0 0.157292 0.095356 0.041667 0.037500
0 0.277083 0.922721 0.043750 0.045833
1 0.554167 0.298025 0.227083 0.275000
1 0.498437 0.626779 0.146875 0.177778
1 0.305208 0.188628 0.102083 0.202778
1 0.050521 0.366406 0.101042 0.225000
1 0.092708 0.619878 0.129167 0.151389
1 0.948438 0.819878 0.103125 0.209722
1 0.831250 0.696962 0.114583 0.202778
1 0.951562 0.369184 0.096875 0.136111
0 0.522917 0.034462 0.064583 0.055556
0 0.660937 0.060851 0.059375 0.061111
0 0.133333 0.028212 0.033333 0.043056
