0 0.406901 0.228974 0.023990 0.021780
0 0.725714 0.049524 0.042929 0.020833
0 0.884233 0.850660 0.034091 0.026515
0 0.347222 0.951512 0.031566 0.031250
0 0.216876 0.964296 0.035353 0.032197
0 0.035058 0.159372 0.037879 0.035985
0 0.651851 0.100660 0.046717 0.032197
0 0.105133 0.072724 0.051768 0.029356
0 0.672053 0.344505 0.041667 0.036932
0 0.622179 0.303785 0.050505 0.031250
0 0.513593 0.148955 0.045455 0.035985
0 0.299676 0.925471 0.031566 0.053030
0 0.318517 0.316569 0.046717 0.035985
0 0.663707 0.977080 0.054293 0.031250
0 0.452356 0.445357 0.059343 0.030303
0 0.463719 0.642800 0.041667 0.044508
0 0.310310 0.186834 0.053030 0.035985
0 0.393880 0.575565 0.049242 0.038826
0 0.184679 0.188728 0.054293 0.035985
0 0.845664 0.354921 0.053030 0.036932
0 0.768012 0.689202 0.049242 0.042614
0 0.694780 0.537213 0.056818 0.037879
0 0.855133 0.568463 0.046717 0.049243
0 0.331143 0.145641 0.054293 0.052083
0 0.343138 0.034372 0.103535 0.051136
1 0.121512 0.393659 0.182407 0.121462
1 0.137933 0.275787 0.172984 0.134893
1 0.092992 0.851346 0.180381 0.147311
1 0.811666 0.705261 0.188079 0.146954
1 0.531888 0.159346 0.482207 0.318692
1 0.240622 0.658199 0.481244 0.391848
0 0.069919 0.135413 0.053913 0.040563
0 0.789370 0.402855 0.063726 0.048896
0 0.062222 0.174779 0.051006 0.039104
0 0.242835 0.839267 0.051026 0.039693
1 0.610712 0.655999 0.426551 0.338281
