0 0.353145 0.924453 0.020333 0.031158
0 0.858330 0.191583 0.022421 0.028400
0 0.672182 0.361846 0.021837 0.029192
0 0.897267 0.163798 0.022084 0.028948
0 0.414571 0.335473 0.021337 0.030320
0 0.545839 0.988616 0.028480 0.022769
0 0.990592 0.137542 0.018815 0.034697
0 0.285229 0.059789 0.022053 0.029865
0 0.328411 0.974719 0.020912 0.031834
0 0.237612 0.529695 0.022896 0.029498
0 0.335905 0.462544 0.022495 0.030364
0 0.609924 0.869068 0.022459 0.030612
0 0.782669 0.753740 0.022387 0.030875
0 0.015995 0.180824 0.023167 0.030127
0 0.923977 0.225897 0.022245 0.031414
0 0.984514 0.733077 0.022954 0.030601
0 0.643200 0.397569 0.023430 0.030614
0 0.575473 0.631936 0.023265 0.030932
0 0.907219 0.243470 0.023383 0.030885
0 0.957034 0.744157 0.023220 0.031284
0 0.695658 0.258925 0.023529 0.031311
0 0.370085 0.956254 0.023171 0.031821
0 0.839903 0.153667 0.023174 0.031982
0 0.809333 0.660162 0.023182 0.032005
0 0.304790 0.101026 0.024128 0.030798
0 0.925796 0.145254 0.023666 0.031636
0 0.338574 0.940689 0.022761 0.033136
0 0.012494 0.115167 0.023325 0.032418
0 0.698953 0.718492 0.023882 0.031889
0 0.183477 0.515145 0.023139 0.033121
0 0.424120 0.155711 0.022480 0.034200
0 0.503360 0.860311 0.024719 0.031138
0 0.029614 0.202470 0.024736 0.031192
0 0.977628 0.703903 0.023115 0.033426
0 0.422635 0.471340 0.023145 0.033428
0 0.837437 0.828264 0.024466 0.031663
0 0.643291 0.922054 0.023881 0.032590
0 0.818526 0.626861 0.024119 0.032439
0 0.697413 0.686868 0.024709 0.031956
0 0.559009 0.966011 0.023764 0.033476
0 0.411709 0.241057 0.023503 0.033878
0 0.445438 0.858404 0.024960 0.031979
0 0.471194 0.177955 0.024959 0.032080
0 0.080881 0.805204 0.025682 0.031515
0 0.783307 0.409435 0.025250 0.032210
0 0.761059 0.212030 0.024722 0.033059
0 0.976154 0.277437 0.024670 0.033140
0 0.743863 0.742817 0.023778 0.034634
0 0.151905 0.394120 0.025427 0.032436
0 0.701777 0.759098 0.023761 0.034857
0 0.057333 0.622295 0.025074 0.033431
0 0.543395 0.262605 0.025416 0.033321
0 0.461179 0.235425 0.025213 0.033721
0 0.437465 0.726717 0.024617 0.034572
0 0.523352 0.828425 0.026495 0.032239
0 0.670560 0.707672 0.024798 0.034712
0 0.942717 0.342212 0.024707 0.034933
0 0.926944 0.768250 0.024890 0.034686
0 0.668977 0.331725 0.025721 0.033694
0 0.875614 0.276565 0.024475 0.035753
0 0.220659 0.971628 0.025957 0.033741
0 0.803164 0.398266 0.026044 0.033669
0 0.784938 0.373950 0.025587 0.034648
0 0.437690 0.101384 0.025082 0.035730
0 0.506383 0.020573 0.025316 0.035485
0 0.103620 0.374877 0.025188 0.036291
0 0.218327 0.774307 0.026851 0.034194
0 0.632947 0.037062 0.024654 0.037262
0 0.089077 0.527761 0.026129 0.035224
0 0.239230 0.029379 0.026266 0.035113
0 0.916567 0.921459 0.027645 0.033473
0 0.677237 0.759446 0.026222 0.035329
0 0.087222 0.019893 0.026687 0.035065
0 0.708039 0.468611 0.026335 0.035736
0 0.448249 0.579142 0.026595 0.035640
0 0.082160 0.446412 0.028241 0.033716
0 0.628315 0.971853 0.027468 0.034707
0 0.475226 0.914732 0.026406 0.036230
0 0.936756 0.616815 0.025988 0.036816
0 0.582565 0.322511 0.027874 0.034747
0 0.486727 0.258003 0.029018 0.033470
0 0.158384 0.310627 0.026903 0.036435
0 0.977616 0.773925 0.025368 0.038665
0 0.295015 0.841433 0.026188 0.038025
0 0.472629 0.836433 0.026123 0.038132
0 0.639468 0.344412 0.026950 0.036970
0 0.594603 0.885622 0.028125 0.035492
0 0.830884 0.188543 0.027644 0.036301
0 0.206274 0.479924 0.026915 0.037312
0 0.224884 0.506921 0.028807 0.034881
0 0.820779 0.441657 0.028414 0.035676
0 0.662286 0.461669 0.027466 0.037061
0 0.558916 0.332216 0.029941 0.034049
0 0.164343 0.676860 0.027143 0.038417
0 0.413479 0.725770 0.030939 0.033906
0 0.589950 0.288088 0.029003 0.036339
0 0.986105 0.069462 0.026638 0.039597
0 0.403159 0.356137 0.026863 0.039293
0 0.729080 0.784385 0.028782 0.036788
0 0.719541 0.982284 0.029953 0.035432
0 0.269402 0.030543 0.029441 0.036051
0 0.116763 0.174962 0.029072 0.037209
0 0.496306 0.785083 0.027630 0.039966
0 0.473059 0.886712 0.027338 0.040470
0 0.394136 0.698460 0.030154 0.036717
0 0.611401 0.025607 0.029852 0.037148
0 0.885231 0.210636 0.030844 0.036359
0 0.152482 0.364073 0.028510 0.039591
0 0.810475 0.852271 0.030202 0.037437
0 0.016540 0.895353 0.030661 0.037187
0 0.635926 0.736384 0.031239 0.038114
0 0.327734 0.903542 0.029004 0.041511
0 0.777939 0.899430 0.031073 0.039802
0 0.753304 0.252291 0.031218 0.039918
0 0.852855 0.237018 0.030595 0.040991
0 0.123034 0.400175 0.032440 0.038822
0 0.800322 0.187885 0.030107 0.041957
0 0.333149 0.411505 0.028549 0.044356
0 0.099810 0.335895 0.031517 0.040448
0 0.308980 0.781053 0.033195 0.038437
0 0.915982 0.076210 0.031332 0.040994
0 0.104796 0.439457 0.029694 0.044148
0 0.018214 0.469069 0.033598 0.041518
0 0.977830 0.115976 0.031122 0.045622
0 0.895921 0.126177 0.031541 0.053721
0 0.867865 0.076064 0.036030 0.047493
1 0.877000 0.709250 0.073000 0.105333
1 0.681000 0.856583 0.089000 0.109333
1 0.469500 0.641917 0.168000 0.082667
1 0.147000 0.623250 0.101000 0.160000
1 0.360274 0.059150 0.152124 0.118083
1 0.591500 0.233250 0.140000 0.161333
1 0.053359 0.351128 0.106718 0.234913
1 0.523143 0.451958 0.147655 0.177682
1 0.394447 0.813898 0.144698 0.197065
1 0.132088 0.114517 0.187328 0.227231
1 0.758831 0.116919 0.206998 0.232504
1 0.833500 0.532583 0.212000 0.229333
1 0.256384 0.655859 0.178545 0.272844
1 0.261574 0.357993 0.200309 0.297334
0 0.693335 0.981778 0.025593 0.033078
0 0.307897 0.874753 0.029075 0.035923
0 0.580103 0.827136 0.025439 0.035379
0 0.265218 0.972700 0.025826 0.032637
0 0.806472 0.798217 0.023718 0.030797
0 0.427643 0.952040 0.023993 0.031359
0 0.925375 0.873855 0.024490 0.031763
0 0.440077 0.259253 0.022511 0.031095
0 0.609459 0.519298 0.024137 0.033786
0 0.828254 0.880416 0.027025 0.034406
0 0.305474 0.597219 0.024398 0.036348
0 0.495512 0.217201 0.024244 0.032533
0 0.526779 0.327300 0.023603 0.033083
0 0.289366 0.081558 0.023725 0.029746
0 0.505616 0.746540 0.024907 0.034572
0 0.313711 0.664450 0.027562 0.037978
0 0.863929 0.829433 0.023889 0.030696
0 0.461427 0.271596 0.022561 0.030324
0 0.812690 0.911077 0.024036 0.032923
0 0.316481 0.828182 0.028023 0.036689
0 0.958655 0.138618 0.025294 0.032567
0 0.853129 0.128836 0.032249 0.048344
0 0.331243 0.175851 0.025246 0.033719
0 0.570451 0.780704 0.022613 0.030889
0 0.632682 0.601988 0.022193 0.030713
0 0.981452 0.529055 0.023951 0.033101
0 0.374068 0.495844 0.023967 0.031646
0 0.328864 0.148141 0.023696 0.031760
0 0.590169 0.687505 0.026729 0.037928
0 0.008935 0.735184 0.017869 0.038165
0 0.950839 0.660409 0.026249 0.032218
0 0.435287 0.881687 0.025084 0.034998
0 0.883257 0.825285 0.024141 0.031842
0 0.549399 0.357192 0.023020 0.031953
0 0.068617 0.492261 0.040544 0.048348
0 0.532943 0.567434 0.025657 0.031747
0 0.932654 0.648073 0.025656 0.033799
0 0.459642 0.339475 0.022614 0.030539
0 0.243642 0.861718 0.022994 0.032324
0 0.035411 0.594471 0.031804 0.040026
0 0.428863 0.380769 0.024113 0.031504
0 0.430414 0.409188 0.023892 0.032651
0 0.438255 0.214379 0.024545 0.033406
0 0.403560 0.135510 0.025900 0.033823
0 0.915003 0.632199 0.024041 0.030597
0 0.761049 0.539752 0.022451 0.030191
0 0.562371 0.929724 0.022637 0.031504
0 0.516654 0.351302 0.023889 0.030801
0 0.721260 0.494981 0.021834 0.032117
0 0.944719 0.688891 0.021457 0.032215
0 0.444387 0.197593 0.025150 0.032703
0 0.426547 0.061657 0.030560 0.045714
0 0.756649 0.443770 0.029277 0.034380
0 0.457146 0.888787 0.021360 0.035986
0 0.773366 0.561858 0.022232 0.032032
0 0.170842 0.342361 0.023250 0.032718
0 0.614193 0.373901 0.024309 0.032886
0 0.066080 0.908556 0.036106 0.050451
0 0.940717 0.176504 0.027503 0.034489
0 0.976934 0.653201 0.024013 0.031184
0 0.991152 0.259859 0.017696 0.034965
0 0.828491 0.988171 0.031316 0.023657
0 0.500934 0.839740 0.027014 0.039016
0 0.941070 0.121589 0.024095 0.030771
0 0.854827 0.046605 0.025404 0.035749
0 0.438048 0.609625 0.025560 0.033929
0 0.747930 0.336291 0.026956 0.034334
0 0.877831 0.121888 0.022438 0.039989
0 0.885083 0.525686 0.028732 0.033919
0 0.603864 0.346828 0.036240 0.044599
0 0.485510 0.330511 0.024897 0.035474
0 0.661056 0.290814 0.025636 0.035251
0 0.992942 0.519234 0.014116 0.033665
0 0.413273 0.890914 0.029808 0.035334
0 0.958554 0.684507 0.025300 0.036777
0 0.068858 0.710934 0.027774 0.037778
0 0.958628 0.162564 0.027774 0.035494
0 0.008467 0.216740 0.016934 0.035600
0 0.447521 0.739472 0.021199 0.029807
1 0.718240 0.610315 0.128231 0.177701
0 0.473627 0.563038 0.022668 0.029813
0 0.822650 0.407950 0.021241 0.029341
0 0.573164 0.660696 0.025188 0.033161
0 0.730429 0.882171 0.026901 0.037271
0 0.525816 0.783736 0.025409 0.031735
0 0.930181 0.709471 0.024367 0.035787
0 0.386024 0.989538 0.026968 0.020924
0 0.344061 0.193086 0.025499 0.036783
0 0.725032 0.952364 0.024318 0.031634
0 0.134263 0.873444 0.025369 0.033719
0 0.047650 0.705561 0.023796 0.032229
0 0.552504 0.300898 0.023351 0.031154
0 0.916911 0.815123 0.036522 0.056881
0 0.175715 0.362221 0.023657 0.030156
0 0.833822 0.495179 0.023793 0.034180
0 0.461327 0.073403 0.023111 0.031095
0 0.074485 0.168951 0.028042 0.035611
0 0.533784 0.900551 0.022855 0.030486
0 0.053683 0.188872 0.030354 0.040751
0 0.629665 0.091507 0.027201 0.034314
0 0.448048 0.155198 0.028843 0.042048
0 0.406908 0.553800 0.028847 0.035821
0 0.944591 0.785341 0.025399 0.033243
0 0.687480 0.499407 0.025764 0.030440
0 0.522425 0.548852 0.023198 0.030148
0 0.871383 0.241605 0.025910 0.036936
0 0.674448 0.231651 0.024059 0.030449
0 0.729968 0.712856 0.023301 0.031466
0 0.480182 0.109652 0.025336 0.033781
0 0.549582 0.834717 0.026986 0.035242
0 0.503144 0.717527 0.025441 0.033005
0 0.527466 0.855904 0.024843 0.034494
0 0.244195 0.145676 0.026647 0.033027
