0 0.863388 0.531168 0.029776 0.040305
0 0.477027 0.861368 0.031136 0.034944
1 0.272879 0.085456 0.144368 0.170865
0 0.602842 0.388211 0.028060 0.039741
0 0.985483 0.130899 0.029034 0.058965
0 0.518280 0.912340 0.025170 0.032537
0 0.746744 0.552565 0.027412 0.036380
0 0.659379 0.674378 0.024193 0.037903
0 0.537557 0.825999 0.029429 0.036000
0 0.980130 0.078070 0.029025 0.042834
0 0.494030 0.565104 0.029780 0.042391
0 0.335004 0.849254 0.025592 0.035404
0 0.771554 0.571876 0.028639 0.040370
0 0.163580 0.029575 0.027250 0.039347
0 0.535491 0.909526 0.024212 0.035029
0 0.140285 0.922412 0.032968 0.040935
0 0.065948 0.069955 0.029765 0.040148
0 0.572493 0.917132 0.025753 0.035021
0 0.622542 0.354000 0.025221 0.038326
0 0.243896 0.943269 0.029128 0.038081
0 0.739606 0.718599 0.026945 0.038144
0 0.595975 0.587079 0.026213 0.036951
0 0.426389 0.965237 0.032098 0.041842
0 0.196763 0.928212 0.029995 0.038073
0 0.770725 0.878743 0.026344 0.030738
0 0.221817 0.661074 0.034846 0.042435
0 0.496173 0.503507 0.035729 0.046258
0 0.798504 0.555007 0.026482 0.038602
0 0.698534 0.940673 0.028402 0.043924
0 0.320866 0.701720 0.029721 0.040084
1 0.470273 0.375376 0.184835 0.211461
0 0.794100 0.893849 0.025323 0.030299
0 0.560007 0.372780 0.030486 0.042207
0 0.494201 0.961269 0.028039 0.036849
0 0.548269 0.582638 0.026171 0.040959
0 0.504461 0.471445 0.025959 0.031521
0 0.303652 0.859382 0.026996 0.032278
0 0.635560 0.603294 0.032834 0.044474
0 0.852570 0.738107 0.025896 0.034568
0 0.045845 0.953303 0.036955 0.044308
0 0.988293 0.303229 0.023414 0.045877
0 0.692663 0.827240 0.024785 0.037580
0 0.980359 0.413970 0.029216 0.040820
0 0.624100 0.396658 0.027567 0.032888
0 0.699602 0.887962 0.024561 0.032299
0 0.190588 0.661267 0.024712 0.030370
0 0.860577 0.633461 0.024857 0.035734
0 0.144068 0.623211 0.027153 0.036171
0 0.469704 0.542464 0.026731 0.035557
0 0.570788 0.574859 0.025841 0.034396
0 0.858950 0.767854 0.029125 0.033476
0 0.485382 0.910624 0.030917 0.042243
0 0.331819 0.755360 0.032517 0.042183
0 0.757984 0.695403 0.025950 0.035767
0 0.466703 0.973748 0.030147 0.036096
0 0.262098 0.750596 0.026527 0.037119
0 0.196624 0.874403 0.038274 0.053460
1 0.607086 0.230967 0.090414 0.231732
0 0.908090 0.589220 0.022124 0.031350
0 0.873819 0.386385 0.032375 0.040393
0 0.451515 0.829744 0.033910 0.037700
0 0.377775 0.724138 0.027527 0.036234
0 0.123369 0.664438 0.027738 0.034337
0 0.582345 0.663161 0.030903 0.042984
0 0.986308 0.878231 0.027383 0.039219
0 0.404052 0.886953 0.024347 0.032824
0 0.305763 0.769065 0.025325 0.033311
0 0.483470 0.753818 0.028041 0.040292
0 0.821815 0.800798 0.022744 0.031255
0 0.190021 0.063997 0.030568 0.034903
0 0.935391 0.413295 0.028477 0.044227
0 0.457400 0.519394 0.024164 0.035143
0 0.409073 0.677771 0.029937 0.038938
0 0.371894 0.669838 0.030724 0.039071
0 0.111332 0.231788 0.027705 0.035072
0 0.308641 0.742846 0.025837 0.034016
0 0.642267 0.430756 0.025656 0.032927
0 0.784046 0.765419 0.023430 0.032638
0 0.511040 0.542885 0.022249 0.035971
0 0.841405 0.356653 0.031068 0.041305
0 0.727882 0.836455 0.021323 0.030977
0 0.610261 0.479815 0.027671 0.033989
0 0.830784 0.935542 0.025553 0.036113
0 0.849059 0.570130 0.028961 0.043411
0 0.711969 0.810683 0.026121 0.036306
0 0.557975 0.485359 0.031494 0.041537
0 0.375396 0.872016 0.032049 0.033478
0 0.418364 0.786397 0.025996 0.036169
0 0.590791 0.422309 0.026291 0.037204
0 0.054501 0.909810 0.038507 0.046414
0 0.067637 0.801973 0.032483 0.038714
0 0.097361 0.819951 0.040006 0.052310
0 0.088692 0.255651 0.038552 0.043459
0 0.626882 0.568166 0.028068 0.037738
0 0.856094 0.813923 0.029800 0.036066
0 0.420392 0.830897 0.027521 0.034553
1 0.863000 0.451167 0.099000 0.116000
1 0.618500 0.815833 0.126000 0.232000
