0 0.228974 0.593099 0.021780 0.023990
0 0.049524 0.274286 0.020833 0.042929
0 0.850660 0.115767 0.026515 0.034091
0 0.951512 0.652778 0.031250 0.031566
0 0.964296 0.783124 0.032197 0.035353
0 0.159372 0.964942 0.035985 0.037879
0 0.100660 0.348149 0.032197 0.046717
0 0.072724 0.894867 0.029356 0.051768
0 0.344505 0.327947 0.036932 0.041667
0 0.303785 0.377821 0.031250 0.050505
0 0.148955 0.486407 0.035985 0.045455
0 0.925471 0.700324 0.053030 0.031566
0 0.316569 0.681483 0.035985 0.046717
0 0.977080 0.336293 0.031250 0.054293
0 0.445357 0.547644 0.030303 0.059343
0 0.642800 0.536281 0.044508 0.041667
0 0.186834 0.689690 0.035985 0.053030
0 0.575565 0.606120 0.038826 0.049242
0 0.188728 0.815321 0.035985 0.054293
0 0.354921 0.154336 0.036932 0.053030
0 0.689202 0.231988 0.042614 0.049242
0 0.537213 0.305220 0.037879 0.056818
0 0.568463 0.144867 0.049243 0.046717
0 0.145641 0.668857 0.052083 0.054293
0 0.034372 0.656862 0.051136 0.103535
1 0.393659 0.878488 0.121462 0.182407
1 0.275787 0.862067 0.134893 0.172984
1 0.851346 0.907008 0.147311 0.180381
1 0.705261 0.188334 0.146954 0.188079
1 0.159346 0.468112 0.318692 0.482207
1 0.658199 0.759378 0.391848 0.481244
0 0.174770 0.940099 0.040113 0.051732
0 0.401556 0.210129 0.046647 0.059972
0 0.134769 0.929292 0.041707 0.055363
1 0.182328 0.106559 0.141718 0.198837
1 0.903424 0.294229 0.183075 0.254150
1 0.660121 0.377864 0.367732 0.474835
0 0.048822 0.636683 0.039317 0.053019
0 0.838997 0.758270 0.040684 0.051367
0 0.468664 0.791867 0.048753 0.061986
1 0.558034 0.852092 0.203704 0.287644
