0 0.433333 0.157899 0.022917 0.037500
0 0.502083 0.303733 0.029167 0.043055
0 0.879687 0.307899 0.044792 0.043055
0 0.268750 0.828733 0.031250 0.076389
0 0.178125 0.560677 0.043750 0.059722
0 0.328646 0.027908 0.051042 0.055816
0 0.426562 0.680122 0.046875 0.070833
0 0.093750 0.091927 0.047917 0.075000
0 0.031250 0.895030 0.062500 0.058333
0 0.807292 0.716233 0.066667 0.068056
1 0.850521 0.968848 0.165625 0.062305
1 0.609896 0.753255 0.188542 0.154167
1 0.548958 0.094141 0.222917 0.188281
1 0.798437 0.200260 0.232292 0.277778
1 0.186458 0.417621 0.372917 0.190278
1 0.063042 0.454095 0.125613 0.235780
0 0.420383 0.938261 0.065343 0.090836
0 0.910499 0.967757 0.049292 0.063612
1 0.863360 0.149063 0.120233 0.146179
