0 0.084896 0.701649 0.028125 0.036111
0 0.332292 0.666927 0.031250 0.047222
0 0.361979 0.891059 0.028125 0.052778
0 0.086458 0.461372 0.033333 0.050000
0 0.739063 0.275890 0.038542 0.045833
0 0.557813 0.801649 0.034375 0.052778
0 0.116146 0.400955 0.036458 0.054167
0 0.557292 0.737760 0.043750 0.047222
0 0.402083 0.883116 0.045833 0.052778
0 0.220313 0.719010 0.042708 0.056944
0 0.599479 0.673872 0.044792 0.061111
0 0.430729 0.612760 0.051042 0.061111
0 0.784896 0.657205 0.069792 0.052778
0 0.057813 0.164149 0.057292 0.075000
1 0.530729 0.444748 0.098958 0.079167
1 0.966146 0.090538 0.067708 0.127778
1 0.742708 0.753733 0.102083 0.106944
1 0.915625 0.352344 0.097917 0.154167
1 0.682292 0.180447 0.141667 0.265278
1 0.256250 0.227344 0.185417 0.212500
0 0.084594 0.702445 0.053325 0.070269
0 0.299448 0.805483 0.064494 0.082620
0 0.961138 0.614629 0.056623 0.073237
0 0.881708 0.638088 0.049998 0.062945
0 0.481665 0.885162 0.046599 0.061918
1 0.697041 0.034153 0.157678 0.068244
