3 0.731250 0.639323 0.450000 0.543056
3 0.160938 0.717795 0.196875 0.480556
3 0.241667 0.170573 0.231250 0.280556
2 0.447396 0.592101 0.017708 0.034722
2 0.468750 0.394184 0.022917 0.041667
2 0.677604 0.440017 0.040625 0.033333
2 0.836979 0.490712 0.051042 0.059722
2 0.930208 0.882379 0.035417 0.059722
2 0.986979 0.910851 0.026042 0.063889
2 0.705729 0.961545 0.042708 0.048611
2 0.922396 0.319878 0.032292 0.045833
2 0.785938 0.093663 0.023958 0.038889
2 0.736458 0.315495 0.035417 0.044444
2 0.456250 0.162305 0.025000 0.050000
2 0.447917 0.216775 0.035417 0.045833
2 0.307812 0.510113 0.053125 0.047222
2 0.398438 0.704601 0.026042 0.056944
2 0.352083 0.715017 0.029167 0.036111
2 0.361979 0.751823 0.038542 0.037500
2 0.376563 0.799045 0.038542 0.045833
2 0.343229 0.792101 0.046875 0.054167
2 0.298438 0.765712 0.040625 0.043056
2 0.063542 0.917795 0.043750 0.050000
2 0.635938 0.552517 0.026042 0.041667
2 0.598958 0.528906 0.031250 0.036111
2 0.790104 0.218490 0.038542 0.054167
2 0.924479 0.604601 0.021875 0.054167
2 0.732813 0.218490 0.036458 0.048611
2 0.845313 0.027517 0.038542 0.036111
2 0.823958 0.045573 0.041667 0.047222
