0 0.461929 0.312204 0.023674 0.036616
0 0.753596 0.745285 0.025568 0.034091
0 0.593084 0.961194 0.028409 0.039141
0 0.191096 0.134805 0.029356 0.040404
0 0.367705 0.737078 0.034091 0.035354
0 0.570357 0.973189 0.034091 0.035354
0 0.525849 0.163214 0.037879 0.041667
0 0.265906 0.881648 0.038826 0.041667
0 0.921209 0.184679 0.038826 0.041667
0 0.697724 0.605133 0.038826 0.046717
0 0.273008 0.401851 0.035985 0.059343
0 0.232289 0.225083 0.039773 0.054293
0 0.292421 0.303366 0.042614 0.059343
0 0.351607 0.120285 0.045455 0.059343
0 0.299524 0.566623 0.053030 0.055555
0 0.566045 0.032940 0.074781 0.065880
0 0.699802 0.416536 0.066358 0.087646
1 0.905620 0.077795 0.089933 0.133526
1 0.951750 0.828427 0.096036 0.132184
1 0.624891 0.207860 0.098395 0.146002
1 0.051441 0.687558 0.102881 0.142294
1 0.171756 0.381357 0.105403 0.142379
1 0.078253 0.453718 0.116463 0.129639
1 0.414403 0.294519 0.107934 0.162655
1 0.070074 0.877441 0.122602 0.146124
1 0.127914 0.172852 0.115804 0.159024
1 0.900483 0.525372 0.119540 0.163388
1 0.831740 0.861386 0.135766 0.156637
1 0.726027 0.134815 0.136532 0.189619
1 0.831452 0.322473 0.157180 0.183474
1 0.521352 0.581450 0.197949 0.230264
1 0.256086 0.775176 0.255574 0.304819
0 0.520650 0.747617 0.034666 0.045694
