0 0.580816 0.046875 0.055555 0.027083
0 0.327344 0.412500 0.054167 0.031250
0 0.021658 0.705208 0.043316 0.043750
0 0.232899 0.121354 0.054167 0.036458
0 0.753776 0.885938 0.061111 0.040625
0 0.094010 0.700000 0.056944 0.045833
0 0.590169 0.628646 0.059722 0.046875
0 0.639084 0.466146 0.063889 0.046875
0 0.597005 0.256250 0.072222 0.043750
0 0.272483 0.768750 0.066667 0.050000
0 0.891927 0.030208 0.080556 0.041667
0 0.194705 0.057292 0.077778 0.043750
0 0.432726 0.521354 0.069444 0.053125
0 0.871788 0.688542 0.065278 0.058333
0 0.846788 0.347396 0.076389 0.051042
0 0.482205 0.740104 0.091667 0.042708
0 0.494010 0.663542 0.090278 0.047917
0 0.767622 0.803125 0.079167 0.056250
1 0.577344 0.123438 0.198611 0.103125
1 0.089714 0.901563 0.179427 0.180208
1 0.430816 0.919792 0.372222 0.160417
0 0.240959 0.086057 0.061966 0.044350
1 0.495837 0.335690 0.173249 0.132291
1 0.897881 0.207218 0.177587 0.161977
1 0.332723 0.238654 0.216127 0.167756
0 0.922045 0.310288 0.073346 0.048431
