0 0.758767 0.251042 0.043056 0.029167
0 0.364279 0.858333 0.069444 0.018750
0 0.153212 0.837500 0.059722 0.031250
0 0.905295 0.075000 0.047222 0.039583
0 0.031684 0.868229 0.058333 0.038542
1 0.653581 0.982292 0.072222 0.035417
0 0.528212 0.925521 0.070833 0.036458
0 0.958767 0.045833 0.056944 0.045833
1 0.318490 0.396354 0.059722 0.048958
1 0.414323 0.419792 0.095833 0.056250
1 0.236545 0.292708 0.106944 0.052083
1 0.796962 0.344792 0.116667 0.077083
1 0.886610 0.927083 0.129167 0.070833
1 0.966775 0.794792 0.066450 0.139583
1 0.190712 0.957292 0.109722 0.085417
1 0.480990 0.287500 0.104167 0.093750
1 0.784462 0.092708 0.105556 0.093750
1 0.449740 0.520833 0.111111 0.102083
1 0.051259 0.371875 0.102517 0.120833
1 0.056120 0.538542 0.112240 0.181250
1 0.278212 0.048438 0.248611 0.096875
1 0.860026 0.526042 0.279948 0.112500
0 0.968085 0.582891 0.056036 0.040782
0 0.483951 0.249793 0.046100 0.034518
