0 0.433333 0.842101 0.022917 0.037500
0 0.502083 0.696267 0.029167 0.043055
0 0.879687 0.692101 0.044792 0.043055
0 0.268750 0.171267 0.031250 0.076389
0 0.178125 0.439323 0.043750 0.059722
0 0.328646 0.972092 0.051042 0.055816
0 0.426562 0.319878 0.046875 0.070833
0 0.093750 0.908073 0.047917 0.075000
0 0.031250 0.104970 0.062500 0.058333
0 0.807292 0.283767 0.066667 0.068056
1 0.850521 0.031152 0.165625 0.062305
1 0.609896 0.246745 0.188542 0.154167
1 0.548958 0.905859 0.222917 0.188281
1 0.798437 0.799740 0.232292 0.277778
1 0.186458 0.582379 0.372917 0.190278
0 0.421428 0.064496 0.066581 0.091009
