0 0.277604 0.412240 0.023958 0.030555
0 0.290104 0.380990 0.023958 0.037500
0 0.782812 0.542101 0.023958 0.043056
0 0.145312 0.037934 0.030208 0.034722
0 0.486458 0.497656 0.033333 0.031944
0 0.427083 0.449740 0.035417 0.030556
0 0.386458 0.101128 0.035417 0.033333
0 0.446875 0.421267 0.035417 0.034722
0 0.641667 0.533073 0.027083 0.047222
0 0.423958 0.076823 0.037500 0.034722
0 0.841667 0.485851 0.031250 0.041667
0 0.400000 0.128906 0.041667 0.033333
0 0.258854 0.648351 0.032292 0.044444
0 0.531250 0.869879 0.037500 0.043056
0 0.354167 0.765082 0.035417 0.047222
0 0.058854 0.951128 0.038542 0.044444
0 0.662500 0.771962 0.039583 0.044444
0 0.478125 0.632378 0.041667 0.043056
0 0.081250 0.843490 0.037500 0.048611
0 0.313021 0.072613 0.044792 0.041667
0 0.026562 0.673720 0.036458 0.070833
0 0.768229 0.450434 0.046875 0.056945
0 0.857292 0.110851 0.056250 0.052778
0 0.236979 0.384462 0.040625 0.077778
0 0.750521 0.265712 0.061458 0.062500
0 0.882812 0.173524 0.057292 0.068056
0 0.886458 0.811328 0.058333 0.069444
1 0.185937 0.774045 0.128125 0.145833
1 0.901563 0.463628 0.196875 0.188889
1 0.457292 0.727517 0.175000 0.338889
1 0.313021 0.264323 0.230208 0.301389
1 0.869792 0.801953 0.260417 0.396094
0 0.226509 0.431033 0.037351 0.046741
