0 0.173438 0.690712 0.051042 0.079167
0 0.195833 0.538629 0.029167 0.047222
0 0.226563 0.512240 0.032292 0.041667
0 0.259896 0.476129 0.026042 0.030556
0 0.347917 0.446267 0.027083 0.045833
0 0.298958 0.392101 0.027083 0.034722
0 0.218229 0.127517 0.044792 0.052778
0 0.171354 0.103212 0.042708 0.043056
0 0.722396 0.457379 0.038542 0.048611
0 0.509896 0.405295 0.044792 0.058333
0 0.646354 0.052517 0.042708 0.050000
0 0.317708 0.044358 0.033333 0.059722
0 0.321354 0.582856 0.034375 0.048611
0 0.579688 0.805360 0.026042 0.050000
0 0.920313 0.237609 0.026042 0.068056
0 0.930208 0.633029 0.031250 0.040278
0 0.458854 0.139323 0.019792 0.043055
1 0.471875 0.737934 0.264583 0.356944
1 0.829167 0.294878 0.160417 0.298611
1 0.825521 0.074045 0.115625 0.109722
1 0.106250 0.310851 0.200000 0.244444
1 0.065625 0.901823 0.131250 0.193055
1 0.779167 0.765017 0.139583 0.222222
