0 0.218099 0.815060 0.036616 0.032197
0 0.790069 0.343942 0.039141 0.038826
0 0.349412 0.836367 0.046717 0.040720
0 0.120245 0.585420 0.045455 0.046402
0 0.682114 0.422067 0.055556 0.041667
0 0.922013 0.663545 0.055556 0.047349
0 0.791538 0.943700 0.061765 0.042875
0 0.371508 0.958999 0.053030 0.053030
1 0.952262 0.236533 0.095476 0.094225
1 0.048602 0.412507 0.097205 0.139650
1 0.076437 0.955280 0.152874 0.089441
1 0.456876 0.342996 0.141089 0.101363
1 0.073961 0.050143 0.147923 0.099472
1 0.608246 0.822863 0.149580 0.099950
1 0.484670 0.722751 0.145233 0.103203
1 0.164366 0.718574 0.141858 0.106573
1 0.696186 0.051409 0.169244 0.101020
1 0.218760 0.383612 0.145676 0.117662
1 0.389391 0.216717 0.137166 0.131567
1 0.833149 0.266257 0.151534 0.128028
1 0.365612 0.627492 0.178788 0.120366
1 0.856958 0.067888 0.161507 0.135777
1 0.779282 0.633887 0.155562 0.141781
1 0.512529 0.205457 0.157228 0.140810
1 0.634101 0.713209 0.175200 0.127195
1 0.557883 0.110278 0.167427 0.149080
0 0.054612 0.081063 0.050957 0.039058
1 0.263335 0.700664 0.168702 0.128903
0 0.344987 0.450744 0.048512 0.034619
1 0.935153 0.944776 0.129234 0.106460
1 0.049660 0.787254 0.099320 0.132826
0 0.933017 0.161543 0.048401 0.038048
1 0.250456 0.963963 0.184710 0.072073
