0 0.218099 0.184940 0.036616 0.032197
0 0.790069 0.656058 0.039141 0.038826
0 0.349412 0.163633 0.046717 0.040720
0 0.120245 0.414580 0.045455 0.046402
0 0.682114 0.577933 0.055556 0.041667
0 0.922013 0.336455 0.055556 0.047349
0 0.791538 0.056300 0.061765 0.042875
0 0.371508 0.041001 0.053030 0.053030
1 0.952262 0.763467 0.095476 0.094225
1 0.048602 0.587493 0.097205 0.139650
1 0.076437 0.044720 0.152874 0.089441
1 0.456876 0.657004 0.141089 0.101363
1 0.073961 0.949857 0.147923 0.099472
1 0.608246 0.177137 0.149580 0.099950
1 0.484670 0.277249 0.145233 0.103203
1 0.164366 0.281426 0.141858 0.106573
1 0.696186 0.948591 0.169244 0.101020
1 0.218760 0.616388 0.145676 0.117662
1 0.389391 0.783283 0.137166 0.131567
1 0.833149 0.733743 0.151534 0.128028
1 0.365612 0.372508 0.178788 0.120366
1 0.856958 0.932112 0.161507 0.135777
1 0.779282 0.366113 0.155562 0.141781
1 0.512529 0.794543 0.157228 0.140810
1 0.634101 0.286791 0.175200 0.127195
1 0.557883 0.889722 0.167427 0.149080
0 0.054328 0.920061 0.050363 0.038564
1 0.959000 0.638168 0.082000 0.174544
0 0.345841 0.548165 0.047431 0.034171
