3 0.311458 0.547656 0.325000 0.268056
3 0.871354 0.716406 0.257292 0.355556
2 0.444792 0.372656 0.031250 0.051389
2 0.389063 0.350434 0.030208 0.045833
2 0.385938 0.395573 0.044792 0.047222
2 0.188542 0.324045 0.066667 0.079167
2 0.605208 0.558073 0.045833 0.061111
2 0.680729 0.898351 0.061458 0.083333
2 0.569271 0.840017 0.069792 0.086111
2 0.330208 0.826823 0.041667 0.056944
2 0.179688 0.799045 0.040625 0.068056
2 0.072917 0.751302 0.054167 0.087500
2 0.150000 0.621050 0.047917 0.069444
2 0.220833 0.677582 0.031250 0.063889
2 0.088542 0.832747 0.070833 0.066667
2 0.666146 0.274002 0.030208 0.044444
2 0.759375 0.376128 0.025000 0.052778
2 0.508854 0.724045 0.040625 0.070833
2 0.704167 0.423351 0.045833 0.077778
3 0.794792 0.171962 0.214583 0.197222
