0 0.026394 0.585053 0.052788 0.056762
0 0.058426 0.112975 0.064828 0.046968
0 0.334977 0.861988 0.074483 0.051883
0 0.327501 0.546988 0.073370 0.053418
1 0.806954 0.751214 0.152518 0.106540
1 0.942045 0.703630 0.115909 0.162218
1 0.088615 0.942189 0.174922 0.115622
1 0.209049 0.223386 0.169466 0.124189
1 0.420849 0.228806 0.251323 0.211791
1 0.904538 0.421812 0.190924 0.295846
1 0.593534 0.629246 0.272629 0.230156
0 0.219097 0.910264 0.047069 0.035262
0 0.260742 0.536586 0.049123 0.035795
0 0.240973 0.754240 0.053907 0.041151
0 0.753357 0.203984 0.056855 0.047120
0 0.873868 0.064111 0.058085 0.040418
0 0.136433 0.779775 0.064481 0.048768
0 0.674600 0.213334 0.055268 0.042070
0 0.323434 0.984859 0.046735 0.029949
0 0.457305 0.781839 0.053172 0.039641
0 0.493424 0.137964 0.048216 0.037616
0 0.507971 0.518485 0.062360 0.043563
0 0.502517 0.067775 0.053817 0.037666
1 0.951039 0.437584 0.097921 0.128572
0 0.606446 0.850435 0.044310 0.033298
0 0.123083 0.335805 0.055590 0.042305
0 0.785639 0.931743 0.052281 0.039381
