0 0.872179 0.048577 0.032828 0.022727
0 0.312204 0.804732 0.049242 0.021780
0 0.285058 0.783425 0.042929 0.030303
0 0.100714 0.949145 0.047980 0.028409
0 0.699830 0.612497 0.041667 0.036932
0 0.829250 0.054732 0.047980 0.033144
0 0.517381 0.848766 0.042929 0.037879
0 0.189729 0.917421 0.041667 0.042614
0 0.422684 0.917421 0.063131 0.029356
0 0.697936 0.271588 0.040404 0.052083
0 0.712457 0.412686 0.044192 0.052083
0 0.038214 0.907478 0.056818 0.043561
0 0.777482 0.369126 0.047980 0.052083
0 0.455472 0.483930 0.073247 0.056488
1 0.779276 0.931955 0.132733 0.105710
1 0.559792 0.203894 0.152137 0.120551
1 0.647872 0.950424 0.190724 0.097683
1 0.521053 0.066098 0.181487 0.126493
1 0.274037 0.618435 0.170019 0.142979
1 0.078142 0.750443 0.156285 0.163095
1 0.143374 0.072851 0.255894 0.143096
1 0.121836 0.223100 0.238480 0.200204
1 0.495109 0.685149 0.278357 0.213454
1 0.162915 0.439206 0.316554 0.261473
1 0.792622 0.474853 0.414757 0.346947
0 0.856814 0.256570 0.070910 0.055440
