0 0.815060 0.781901 0.032197 0.036616
0 0.343942 0.209931 0.038826 0.039141
0 0.836367 0.650588 0.040720 0.046717
0 0.585420 0.879755 0.046402 0.045455
0 0.422067 0.317886 0.041667 0.055556
0 0.663545 0.077987 0.047349 0.055556
0 0.943700 0.208462 0.042875 0.061765
0 0.958999 0.628492 0.053030 0.053030
1 0.236533 0.047738 0.094225 0.095476
1 0.412507 0.951398 0.139650 0.097205
1 0.955280 0.923563 0.089441 0.152874
1 0.342996 0.543124 0.101363 0.141089
1 0.050143 0.926039 0.099472 0.147923
1 0.822863 0.391754 0.099950 0.149580
1 0.722751 0.515330 0.103203 0.145233
1 0.718574 0.835634 0.106573 0.141858
1 0.051409 0.303814 0.101020 0.169244
1 0.383612 0.781240 0.117662 0.145676
1 0.216717 0.610609 0.131567 0.137166
1 0.266257 0.166851 0.128028 0.151534
1 0.627492 0.634388 0.120366 0.178788
1 0.067888 0.143042 0.135777 0.161507
1 0.633887 0.220718 0.141781 0.155562
1 0.205457 0.487471 0.140810 0.157228
1 0.713209 0.365899 0.127195 0.175200
1 0.110278 0.442117 0.149080 0.167427
1 0.361353 0.037516 0.182356 0.075033
1 0.873266 0.749367 0.108929 0.145306
0 0.080590 0.944022 0.035932 0.047819
1 0.944745 0.064661 0.099485 0.129321
0 0.451212 0.655380 0.032001 0.043967
