0 0.476129 0.259896 0.030556 0.026042
0 0.139323 0.458854 0.043055 0.019792
0 0.392101 0.298958 0.034722 0.027083
0 0.446267 0.347917 0.045833 0.027083
0 0.633029 0.930208 0.040278 0.031250
0 0.805360 0.579688 0.050000 0.026042
0 0.512240 0.226563 0.041667 0.032292
0 0.538629 0.195833 0.047222 0.029167
0 0.582856 0.321354 0.048611 0.034375
0 0.237609 0.920313 0.068056 0.026042
0 0.103212 0.171354 0.043056 0.042708
0 0.457379 0.722396 0.048611 0.038542
0 0.044358 0.317708 0.059722 0.033333
0 0.052517 0.646354 0.050000 0.042708
0 0.127517 0.218229 0.052778 0.044792
0 0.405295 0.509896 0.058333 0.044792
0 0.690712 0.173438 0.079167 0.051042
1 0.074045 0.825521 0.109722 0.115625
1 0.901823 0.065625 0.193055 0.131250
1 0.765017 0.779167 0.222222 0.139583
1 0.294878 0.829167 0.298611 0.160417
1 0.310851 0.106250 0.244444 0.200000
1 0.737934 0.471875 0.356944 0.264583
0 0.747161 0.198905 0.065226 0.049414
1 0.595287 0.858103 0.181320 0.122609
1 0.684702 0.300587 0.141717 0.108781
0 0.025470 0.112282 0.050768 0.046585
