0 0.238021 0.900434 0.026042 0.023611
0 0.447396 0.250434 0.028125 0.023611
0 0.215625 0.844141 0.022917 0.034722
0 0.861979 0.712609 0.028125 0.045833
0 0.802083 0.804384 0.041667 0.050000
0 0.980208 0.619184 0.031250 0.075000
0 0.744792 0.378212 0.039583 0.062500
0 0.773958 0.524740 0.037500 0.066667
0 0.857812 0.642101 0.063542 0.045833
0 0.761458 0.732444 0.054167 0.059722
1 0.841667 0.230295 0.058333 0.066667
0 0.092708 0.159635 0.072917 0.090278
1 0.908854 0.258767 0.071875 0.109722
1 0.069271 0.589323 0.084375 0.131944
1 0.144792 0.430295 0.116667 0.113889
1 0.825521 0.111545 0.119792 0.112500
1 0.510937 0.694184 0.105208 0.133333
1 0.401042 0.069314 0.185417 0.138628
1 0.626563 0.455295 0.153125 0.169444
1 0.269271 0.624045 0.136458 0.206944
0 0.784467 0.903629 0.048997 0.064269
0 0.862875 0.719432 0.056132 0.080091
0 0.952109 0.031433 0.051981 0.062356
0 0.240531 0.906139 0.045949 0.064045
0 0.741406 0.986918 0.040423 0.026164
