0 0.257812 0.694010 0.034375 0.020833
0 0.840104 0.534809 0.019792 0.037500
0 0.220313 0.687066 0.023958 0.031945
0 0.854167 0.507422 0.022917 0.037500
0 0.277604 0.718316 0.028125 0.030556
0 0.193229 0.705122 0.030208 0.031944
0 0.530729 0.500955 0.026042 0.040278
0 0.916146 0.200955 0.034375 0.031944
0 0.803646 0.520399 0.021875 0.054167
0 0.479688 0.575955 0.032292 0.043056
0 0.425521 0.402387 0.028125 0.052778
0 0.319792 0.314149 0.041667 0.036111
0 0.658333 0.391233 0.037500 0.043055
0 0.518750 0.650955 0.035417 0.045833
0 0.312500 0.349566 0.041667 0.040278
0 0.041146 0.690538 0.044792 0.038889
0 0.300000 0.232899 0.056250 0.034722
0 0.427083 0.200195 0.043750 0.047222
0 0.093229 0.021658 0.051042 0.043316
0 0.468750 0.254058 0.066667 0.056944
1 0.669792 0.514149 0.104167 0.141667
1 0.571354 0.723177 0.128125 0.190278
1 0.775521 0.350955 0.151042 0.170833
1 0.866667 0.836372 0.177083 0.238889
1 0.080729 0.442622 0.161458 0.359722
1 0.937362 0.506493 0.124564 0.222805
1 0.573719 0.079289 0.181982 0.158577
0 0.291681 0.927139 0.043604 0.057679
0 0.242146 0.719299 0.044875 0.060697
0 0.030190 0.722282 0.047618 0.058594
0 0.136737 0.908128 0.048627 0.066086
0 0.472890 0.649081 0.048960 0.060311
1 0.513195 0.944918 0.122656 0.110165
1 0.843222 0.092509 0.130114 0.153176
