0 0.968750 0.197483 0.020833 0.038889
0 0.967708 0.893316 0.025000 0.033333
0 0.113542 0.916233 0.022917 0.037500
0 0.464583 0.684983 0.029167 0.033333
0 0.273958 0.179427 0.025000 0.038889
0 0.407813 0.129753 0.030208 0.036111
0 0.101042 0.389844 0.027083 0.043056
0 0.879687 0.755122 0.034375 0.034722
0 0.033333 0.222483 0.033333 0.036111
0 0.136458 0.332140 0.031250 0.038889
0 0.345833 0.336372 0.029167 0.041667
0 0.919271 0.345399 0.023958 0.054167
0 0.191146 0.109115 0.034375 0.038889
0 0.479688 0.037804 0.063542 0.031944
1 0.750000 0.877561 0.135417 0.200000
1 0.532813 0.284983 0.253125 0.433333
1 0.841938 0.125531 0.230014 0.249536
1 0.608363 0.378255 0.138789 0.187972
0 0.155178 0.483571 0.046176 0.057542
