0 0.566667 0.157899 0.022917 0.037500
0 0.497917 0.303733 0.029167 0.043055
0 0.120313 0.307899 0.044792 0.043055
0 0.731250 0.828733 0.031250 0.076389
0 0.821875 0.560677 0.043750 0.059722
0 0.671354 0.027908 0.051042 0.055816
0 0.573438 0.680122 0.046875 0.070833
0 0.906250 0.091927 0.047917 0.075000
0 0.968750 0.895030 0.062500 0.058333
0 0.192708 0.716233 0.066667 0.068056
1 0.149479 0.968848 0.165625 0.062305
1 0.390104 0.753255 0.188542 0.154167
1 0.451042 0.094141 0.222917 0.188281
1 0.201563 0.200260 0.232292 0.277778
1 0.813542 0.417621 0.372917 0.190278
0 0.089794 0.969630 0.046897 0.058729
1 0.132463 0.150896 0.121912 0.141834
0 0.576161 0.938537 0.067994 0.093890
0 0.389951 0.891737 0.044920 0.059085
