0 0.197483 0.968750 0.038889 0.020833
0 0.893316 0.967708 0.033333 0.025000
0 0.916233 0.113542 0.037500 0.022917
0 0.684983 0.464583 0.033333 0.029167
0 0.179427 0.273958 0.038889 0.025000
0 0.129753 0.407813 0.036111 0.030208
0 0.389844 0.101042 0.043056 0.027083
0 0.755122 0.879687 0.034722 0.034375
0 0.222483 0.033333 0.036111 0.033333
0 0.332140 0.136458 0.038889 0.031250
0 0.336372 0.345833 0.041667 0.029167
0 0.345399 0.919271 0.054167 0.023958
0 0.109115 0.191146 0.038889 0.034375
0 0.037804 0.479688 0.031944 0.063542
1 0.877561 0.750000 0.200000 0.135417
1 0.284983 0.532813 0.433333 0.253125
1 0.120873 0.849575 0.241044 0.224708
0 0.481615 0.157655 0.064591 0.052809
1 0.423754 0.464437 0.177749 0.146838
