0 0.104463 0.776796 0.034091 0.045455
0 0.454210 0.036266 0.046717 0.035985
0 0.780599 0.255016 0.042929 0.043561
0 0.063427 0.768274 0.042929 0.043561
0 0.298276 0.548103 0.075758 0.025568
0 0.351937 0.967137 0.054293 0.037879
0 0.322897 0.701986 0.059344 0.037879
0 0.863932 0.662686 0.040404 0.055871
0 0.154336 0.944410 0.058081 0.039773
0 0.440953 0.799997 0.063131 0.046402
0 0.930220 0.075092 0.077020 0.047349
0 0.831596 0.446309 0.101413 0.078506
1 0.953846 0.505605 0.092309 0.108380
1 0.199814 0.467233 0.118260 0.097353
1 0.642877 0.449998 0.121610 0.100668
1 0.044903 0.620578 0.089806 0.149316
1 0.766247 0.081887 0.144017 0.111356
1 0.450593 0.390664 0.160878 0.120267
1 0.700195 0.734775 0.181813 0.113983
1 0.082115 0.415297 0.164229 0.146852
1 0.613739 0.846142 0.190409 0.128889
1 0.575448 0.276611 0.218437 0.153402
1 0.338178 0.616480 0.231998 0.196574
1 0.297582 0.261203 0.255862 0.220065
1 0.962905 0.682105 0.074189 0.145540
0 0.701963 0.412251 0.055221 0.040128
0 0.095647 0.388197 0.067232 0.047572
0 0.537410 0.567550 0.060532 0.043716
