0 0.761979 0.099566 0.026042 0.023611
0 0.552604 0.749566 0.028125 0.023611
0 0.784375 0.155859 0.022917 0.034722
0 0.138021 0.287391 0.028125 0.045833
0 0.197917 0.195616 0.041667 0.050000
0 0.019792 0.380816 0.031250 0.075000
0 0.255208 0.621788 0.039583 0.062500
0 0.226042 0.475260 0.037500 0.066667
0 0.142188 0.357899 0.063542 0.045833
0 0.238542 0.267556 0.054167 0.059722
1 0.158333 0.769705 0.058333 0.066667
0 0.907292 0.840365 0.072917 0.090278
1 0.091146 0.741233 0.071875 0.109722
1 0.930729 0.410677 0.084375 0.131944
1 0.855208 0.569705 0.116667 0.113889
1 0.174479 0.888455 0.119792 0.112500
1 0.489063 0.305816 0.105208 0.133333
1 0.598958 0.930686 0.185417 0.138628
1 0.373437 0.544705 0.153125 0.169444
1 0.730729 0.375955 0.136458 0.206944
0 0.045911 0.967705 0.054127 0.064326
0 0.214332 0.097744 0.049804 0.065372
