0 0.553366 0.077370 0.026515 0.018939
0 0.269512 0.303696 0.027778 0.022727
0 0.461194 0.090154 0.039141 0.023674
0 0.796914 0.471783 0.035353 0.027462
0 0.257517 0.653601 0.041667 0.027462
0 0.716244 0.276708 0.034091 0.035038
0 0.624073 0.017852 0.034091 0.035704
0 0.473189 0.424908 0.025252 0.049242
0 0.513593 0.112408 0.035354 0.035985
0 0.979561 0.126139 0.035354 0.036932
0 0.620285 0.968469 0.044192 0.030303
0 0.758542 0.302749 0.035354 0.039773
0 0.541469 0.843942 0.053030 0.027462
0 0.493628 0.277181 0.044192 0.037879
0 0.375967 0.156442 0.060606 0.029356
0 0.761699 0.749719 0.044192 0.041667
0 0.348820 0.497351 0.041667 0.046402
0 0.617128 0.157863 0.042929 0.045455
0 0.704250 0.964208 0.047980 0.042614
0 0.607323 0.735988 0.039141 0.053977
0 0.238577 0.336840 0.054293 0.045455
0 0.345032 0.112408 0.049242 0.062500
1 0.449830 0.185325 0.099747 0.111742
1 0.853871 0.569795 0.203283 0.117424
1 0.097356 0.666297 0.191688 0.176499
1 0.095100 0.366177 0.188087 0.215904
1 0.273949 0.909607 0.263418 0.180786
1 0.718138 0.295173 0.300505 0.195076
1 0.454007 0.566667 0.278315 0.251360
0 0.959441 0.245462 0.055440 0.037766
0 0.111220 0.506075 0.067422 0.048579
0 0.871997 0.127681 0.064211 0.050760
1 0.815430 0.946216 0.196097 0.106726
1 0.710164 0.480020 0.192049 0.134440
1 0.071843 0.225777 0.142888 0.178492
0 0.313939 0.314479 0.047439 0.035673
