0 0.687796 0.461929 0.036616 0.023674
0 0.254715 0.753596 0.034091 0.025568
0 0.038806 0.593084 0.039141 0.028409
0 0.865195 0.191096 0.040404 0.029356
0 0.262922 0.367705 0.035354 0.034091
0 0.026811 0.570357 0.035354 0.034091
0 0.836786 0.525849 0.041667 0.037879
0 0.118352 0.265906 0.041667 0.038826
0 0.815321 0.921209 0.041667 0.038826
0 0.394867 0.697724 0.046717 0.038826
0 0.598149 0.273008 0.059343 0.035985
0 0.774917 0.232289 0.054293 0.039773
0 0.696634 0.292421 0.059343 0.042614
0 0.879715 0.351607 0.059343 0.045455
0 0.433377 0.299524 0.055555 0.053030
0 0.967060 0.566045 0.065880 0.074781
0 0.583464 0.699802 0.087646 0.066358
1 0.922205 0.905620 0.133526 0.089933
1 0.171573 0.951750 0.132184 0.096036
1 0.792140 0.624891 0.146002 0.098395
1 0.312442 0.051441 0.142294 0.102881
1 0.618643 0.171756 0.142379 0.105403
1 0.546282 0.078253 0.129639 0.116463
1 0.705481 0.414403 0.162655 0.107934
1 0.122559 0.070074 0.146124 0.122602
1 0.827148 0.127914 0.159024 0.115804
1 0.474628 0.900483 0.163388 0.119540
1 0.138614 0.831740 0.156637 0.135766
1 0.865185 0.726027 0.189619 0.136532
1 0.677527 0.831452 0.183474 0.157180
1 0.418550 0.521352 0.230264 0.197949
1 0.224824 0.256086 0.304819 0.255574
1 0.967200 0.226159 0.065601 0.147449
0 0.615429 0.130813 0.044699 0.031973
