0 0.223820 0.185414 0.031566 0.031250
0 0.911320 0.640433 0.035354 0.028409
0 0.628492 0.059940 0.037879 0.028409
0 0.144906 0.545262 0.050505 0.025568
0 0.684679 0.739391 0.034091 0.038826
0 0.768012 0.542421 0.039141 0.038826
0 0.333669 0.486077 0.054293 0.028409
0 0.776219 0.023008 0.047980 0.034091
0 0.494654 0.877649 0.047980 0.035038
0 0.070411 0.739391 0.045455 0.040720
0 0.781270 0.617705 0.047980 0.051136
1 0.050375 0.620425 0.100750 0.123425
1 0.774999 0.119531 0.134645 0.099506
1 0.783539 0.713453 0.132906 0.109766
1 0.584232 0.048698 0.163565 0.097396
1 0.063415 0.453753 0.126831 0.126981
1 0.941180 0.483716 0.117546 0.145993
1 0.325197 0.881673 0.181309 0.110364
1 0.924698 0.827307 0.150604 0.133111
1 0.926455 0.625191 0.147091 0.153381
1 0.450623 0.579175 0.176220 0.129446
1 0.151816 0.291878 0.175855 0.129832
1 0.091155 0.929376 0.182310 0.135907
1 0.744743 0.866336 0.180938 0.146885
1 0.287279 0.100349 0.294785 0.198790
1 0.670250 0.401169 0.352323 0.248670
1 0.872008 0.374665 0.196702 0.149679
0 0.932418 0.670580 0.060042 0.041498
