0 0.329379 0.433511 0.084187 0.123155
0 0.445902 0.718022 0.055019 0.071184
0 0.323340 0.982408 0.049479 0.035183
0 0.408572 0.941107 0.077824 0.092610
0 0.224634 0.081776 0.058222 0.077612
0 0.512995 0.915580 0.075436 0.097695
0 0.972690 0.938717 0.054621 0.121262
0 0.971172 0.826410 0.043504 0.070064
0 0.827466 0.113552 0.087820 0.114054
0 0.835053 0.032945 0.066903 0.065577
0 0.986970 0.543016 0.025382 0.107675
0 0.308821 0.990303 0.054295 0.019393
0 0.062630 0.987094 0.048439 0.025184
0 0.034692 0.730645 0.069384 0.115195
0 0.345743 0.860588 0.070837 0.097636
0 0.979242 0.045366 0.041517 0.090732
0 0.103412 0.385397 0.042614 0.040404
0 0.566480 0.298276 0.046402 0.055556
0 0.516291 0.318478 0.023674 0.055556
0 0.469889 0.380346 0.016099 0.058081
0 0.508715 0.445372 0.021780 0.051768
0 0.495458 0.516710 0.019886 0.063131
0 0.634189 0.729463 0.022727 0.044192
0 0.797067 0.440321 0.032197 0.049242
0 0.843942 0.392341 0.027462 0.044192
0 0.627560 0.448528 0.032197 0.045455
0 0.530969 0.077316 0.028409 0.065657
0 0.523065 0.548356 0.024441 0.058787
0 0.479693 0.317360 0.022045 0.059426
0 0.546068 0.481901 0.033068 0.051119
