1 0.951562 0.278212 0.096875 0.248611
1 0.628125 0.051259 0.120833 0.102517
1 0.461458 0.056120 0.181250 0.112240
1 0.042708 0.190712 0.085417 0.109722
1 0.479167 0.449740 0.102083 0.111111
1 0.580208 0.414323 0.056250 0.095833
1 0.603646 0.318490 0.048958 0.059722
1 0.707292 0.236545 0.052083 0.106944
1 0.712500 0.480990 0.093750 0.104167
1 0.907292 0.784462 0.093750 0.105556
1 0.655208 0.796962 0.077083 0.116667
1 0.473958 0.860026 0.112500 0.279948
1 0.205208 0.966775 0.139583 0.066450
1 0.072917 0.886610 0.070833 0.129167
1 0.017708 0.653581 0.035417 0.072222
0 0.141667 0.364279 0.018750 0.069444
0 0.162500 0.153212 0.031250 0.059722
0 0.954167 0.958767 0.045833 0.056944
0 0.925000 0.905295 0.039583 0.047222
0 0.748958 0.758767 0.029167 0.043056
0 0.074479 0.528212 0.036458 0.070833
0 0.131771 0.031684 0.038542 0.058333
