0 0.251042 0.241233 0.029167 0.043056
0 0.858333 0.635721 0.018750 0.069444
0 0.837500 0.846788 0.031250 0.059722
0 0.075000 0.094705 0.039583 0.047222
0 0.868229 0.968316 0.038542 0.058333
1 0.982292 0.346419 0.035417 0.072222
0 0.925521 0.471788 0.036458 0.070833
0 0.045833 0.041233 0.045833 0.056944
1 0.396354 0.681510 0.048958 0.059722
1 0.419792 0.585677 0.056250 0.095833
1 0.292708 0.763455 0.052083 0.106944
1 0.344792 0.203038 0.077083 0.116667
1 0.927083 0.113390 0.070833 0.129167
1 0.794792 0.033225 0.139583 0.066450
1 0.957292 0.809288 0.085417 0.109722
1 0.287500 0.519010 0.093750 0.104167
1 0.092708 0.215538 0.093750 0.105556
1 0.520833 0.550260 0.102083 0.111111
1 0.371875 0.948741 0.120833 0.102517
1 0.538542 0.943880 0.181250 0.112240
1 0.048438 0.721788 0.096875 0.248611
1 0.526042 0.139974 0.112500 0.279948
0 0.429602 0.195430 0.041355 0.053816
0 0.249791 0.513799 0.035477 0.046755
