1 0.148654 0.907008 0.147311 0.180381
1 0.331684 0.389137 0.374311 0.464726
1 0.341801 0.759378 0.391848 0.481244
1 0.606341 0.878488 0.121462 0.182407
1 0.724213 0.862067 0.134893 0.172984
1 0.840654 0.468112 0.318692 0.482207
1 0.294739 0.188334 0.146954 0.188079
0 0.424435 0.606120 0.038826 0.049242
0 0.074529 0.700324 0.053030 0.031566
0 0.048488 0.652778 0.031250 0.031566
0 0.022920 0.336293 0.031250 0.054293
0 0.149340 0.115767 0.026515 0.034091
0 0.655495 0.327947 0.036932 0.041667
0 0.771026 0.593099 0.021780 0.023990
0 0.965628 0.656862 0.051136 0.103535
0 0.854359 0.668857 0.052083 0.054293
0 0.813166 0.689690 0.035985 0.053030
0 0.927276 0.894867 0.029356 0.051768
0 0.811272 0.815321 0.035985 0.054293
0 0.035704 0.783124 0.032197 0.035353
0 0.645079 0.154336 0.036932 0.053030
0 0.683431 0.681483 0.035985 0.046717
0 0.554643 0.547644 0.030303 0.059343
0 0.840628 0.964942 0.035985 0.037879
0 0.899340 0.348149 0.032197 0.046717
0 0.950476 0.274286 0.020833 0.042929
0 0.851045 0.486407 0.035985 0.045455
0 0.696215 0.377821 0.031250 0.050505
0 0.357200 0.536281 0.044508 0.041667
0 0.462787 0.305220 0.037879 0.056818
0 0.310798 0.231988 0.042614 0.049242
0 0.431537 0.144867 0.049243 0.046717
