0 0.781901 0.815060 0.036616 0.032197
0 0.209931 0.343942 0.039141 0.038826
0 0.650588 0.836367 0.046717 0.040720
0 0.879755 0.585420 0.045455 0.046402
0 0.317886 0.422067 0.055556 0.041667
0 0.077987 0.663545 0.055556 0.047349
0 0.208462 0.943700 0.061765 0.042875
0 0.628492 0.958999 0.053030 0.053030
1 0.047738 0.236533 0.095476 0.094225
1 0.951398 0.412507 0.097205 0.139650
1 0.923563 0.955280 0.152874 0.089441
1 0.543124 0.342996 0.141089 0.101363
1 0.926039 0.050143 0.147923 0.099472
1 0.391754 0.822863 0.149580 0.099950
1 0.515330 0.722751 0.145233 0.103203
1 0.835634 0.718574 0.141858 0.106573
1 0.303814 0.051409 0.169244 0.101020
1 0.781240 0.383612 0.145676 0.117662
1 0.610609 0.216717 0.137166 0.131567
1 0.166851 0.266257 0.151534 0.128028
1 0.634388 0.627492 0.178788 0.120366
1 0.143042 0.067888 0.161507 0.135777
1 0.220718 0.633887 0.155562 0.141781
1 0.487471 0.205457 0.157228 0.140810
1 0.365899 0.713209 0.175200 0.127195
1 0.442117 0.110278 0.167427 0.149080
1 0.064690 0.943333 0.129380 0.113335
1 0.733234 0.698932 0.161079 0.126237
