0 0.127821 0.951423 0.032828 0.022727
0 0.687796 0.195268 0.049242 0.021780
0 0.714942 0.216575 0.042929 0.030303
0 0.899286 0.050855 0.047980 0.028409
0 0.300170 0.387503 0.041667 0.036932
0 0.170750 0.945268 0.047980 0.033144
0 0.482619 0.151234 0.042929 0.037879
0 0.810271 0.082579 0.041667 0.042614
0 0.577316 0.082579 0.063131 0.029356
0 0.302064 0.728412 0.040404 0.052083
0 0.287543 0.587314 0.044192 0.052083
0 0.961786 0.092522 0.056818 0.043561
0 0.222518 0.630874 0.047980 0.052083
0 0.544528 0.516070 0.073247 0.056488
1 0.220724 0.068045 0.132733 0.105710
1 0.440208 0.796106 0.152137 0.120551
1 0.352128 0.049576 0.190724 0.097683
1 0.478947 0.933902 0.181487 0.126493
1 0.725963 0.381565 0.170019 0.142979
1 0.921858 0.249557 0.156285 0.163095
1 0.856626 0.927149 0.255894 0.143096
1 0.878164 0.776900 0.238480 0.200204
1 0.504891 0.314851 0.278357 0.213454
1 0.837085 0.560794 0.316554 0.261473
1 0.207378 0.525147 0.414757 0.346947
0 0.142201 0.744945 0.069715 0.055880
