0 0.953125 0.580816 0.027083 0.055555
0 0.587500 0.327344 0.031250 0.054167
0 0.294792 0.021658 0.043750 0.043316
0 0.878646 0.232899 0.036458 0.054167
0 0.114062 0.753776 0.040625 0.061111
0 0.300000 0.094010 0.045833 0.056944
0 0.371354 0.590169 0.046875 0.059722
0 0.533854 0.639084 0.046875 0.063889
0 0.743750 0.597005 0.043750 0.072222
0 0.231250 0.272483 0.050000 0.066667
0 0.969792 0.891927 0.041667 0.080556
0 0.942708 0.194705 0.043750 0.077778
0 0.478646 0.432726 0.053125 0.069444
0 0.311458 0.871788 0.058333 0.065278
0 0.652604 0.846788 0.051042 0.076389
0 0.259896 0.482205 0.042708 0.091667
0 0.336458 0.494010 0.047917 0.090278
0 0.196875 0.767622 0.056250 0.079167
1 0.876562 0.577344 0.103125 0.198611
1 0.098437 0.089714 0.180208 0.179427
1 0.080208 0.430816 0.160417 0.372222
1 0.756094 0.335933 0.174506 0.223110
0 0.913801 0.241878 0.046623 0.064981
1 0.670788 0.153004 0.131861 0.170630
1 0.790906 0.904145 0.164207 0.177849
0 0.938286 0.162767 0.037212 0.051229
0 0.691313 0.924751 0.052133 0.075543
