0 0.241233 0.748958 0.043056 0.029167
0 0.635721 0.141667 0.069444 0.018750
0 0.846788 0.162500 0.059722 0.031250
0 0.094705 0.925000 0.047222 0.039583
0 0.968316 0.131771 0.058333 0.038542
1 0.346419 0.017708 0.072222 0.035417
0 0.471788 0.074479 0.070833 0.036458
0 0.041233 0.954167 0.056944 0.045833
1 0.681510 0.603646 0.059722 0.048958
1 0.585677 0.580208 0.095833 0.056250
1 0.763455 0.707292 0.106944 0.052083
1 0.203038 0.655208 0.116667 0.077083
1 0.113390 0.072917 0.129167 0.070833
1 0.033225 0.205208 0.066450 0.139583
1 0.809288 0.042708 0.109722 0.085417
1 0.519010 0.712500 0.104167 0.093750
1 0.215538 0.907292 0.105556 0.093750
1 0.550260 0.479167 0.111111 0.102083
1 0.948741 0.628125 0.102517 0.120833
1 0.943880 0.461458 0.112240 0.181250
1 0.721788 0.951562 0.248611 0.096875
1 0.139974 0.473958 0.279948 0.112500
1 0.046510 0.926147 0.093019 0.134313
0 0.515587 0.749927 0.048637 0.036189
