0 0.438865 0.628730 0.027293 0.032023
0 0.633734 0.598162 0.026201 0.037846
0 0.789301 0.905295 0.022926 0.043668
0 0.177402 0.855076 0.028384 0.036390
0 0.715066 0.148381 0.033843 0.032023
0 0.536026 0.033388 0.020742 0.052402
0 0.501638 0.236445 0.034934 0.033479
0 0.603712 0.510098 0.027293 0.045124
0 0.839520 0.616357 0.029476 0.042213
0 0.600983 0.019560 0.039301 0.033479
0 0.368996 0.575600 0.029476 0.048035
0 0.196533 0.983217 0.048028 0.033565
0 0.047382 0.220348 0.033991 0.048038
0 0.531659 0.526838 0.031659 0.052402
0 0.840625 0.556055 0.035417 0.048611
0 0.426563 0.765712 0.032292 0.054167
0 0.954167 0.794358 0.035417 0.051389
0 0.207200 0.091003 0.038287 0.052810
0 0.305729 0.923351 0.028125 0.075000
0 0.909896 0.590495 0.044792 0.052778
0 0.681771 0.132378 0.032292 0.079167
0 0.061979 0.792795 0.059375 0.044444
0 0.480208 0.217101 0.041667 0.068056
0 0.635938 0.794184 0.042708 0.066667
0 0.097917 0.332378 0.043750 0.065278
0 0.666667 0.527886 0.047917 0.059722
0 0.788542 0.317795 0.045833 0.080556
0 0.289583 0.580295 0.052083 0.072222
0 0.131438 0.954232 0.057634 0.074501
1 0.753821 0.146925 0.065502 0.116448
1 0.572429 0.951440 0.079834 0.097120
1 0.523472 0.677493 0.093886 0.088792
1 0.050764 0.046534 0.093887 0.093068
0 0.289534 0.423287 0.082729 0.109838
1 0.370864 0.237839 0.099941 0.116142
1 0.173859 0.526222 0.103396 0.118978
1 0.961314 0.911481 0.077373 0.177037
1 0.097775 0.184660 0.107056 0.131491
1 0.940076 0.065419 0.119848 0.129579
1 0.106062 0.662373 0.103940 0.150602
1 0.527646 0.783438 0.115507 0.143812
1 0.796354 0.808767 0.123958 0.137500
1 0.336654 0.066459 0.138905 0.132917
1 0.381747 0.925133 0.128677 0.149733
1 0.179511 0.280586 0.114696 0.171219
1 0.267837 0.442654 0.131443 0.168087
1 0.642765 0.841286 0.133318 0.177862
