0 0.593099 0.228974 0.023990 0.021780
0 0.274286 0.049524 0.042929 0.020833
0 0.115767 0.850660 0.034091 0.026515
0 0.652778 0.951512 0.031566 0.031250
0 0.783124 0.964296 0.035353 0.032197
0 0.964942 0.159372 0.037879 0.035985
0 0.348149 0.100660 0.046717 0.032197
0 0.894867 0.072724 0.051768 0.029356
0 0.327947 0.344505 0.041667 0.036932
0 0.377821 0.303785 0.050505 0.031250
0 0.486407 0.148955 0.045455 0.035985
0 0.700324 0.925471 0.031566 0.053030
0 0.681483 0.316569 0.046717 0.035985
0 0.336293 0.977080 0.054293 0.031250
0 0.547644 0.445357 0.059343 0.030303
0 0.536281 0.642800 0.041667 0.044508
0 0.689690 0.186834 0.053030 0.035985
0 0.606120 0.575565 0.049242 0.038826
0 0.815321 0.188728 0.054293 0.035985
0 0.154336 0.354921 0.053030 0.036932
0 0.231988 0.689202 0.049242 0.042614
0 0.305220 0.537213 0.056818 0.037879
0 0.144867 0.568463 0.046717 0.049243
0 0.668857 0.145641 0.054293 0.052083
0 0.656862 0.034372 0.103535 0.051136
1 0.878488 0.393659 0.182407 0.121462
1 0.862067 0.275787 0.172984 0.134893
1 0.907008 0.851346 0.180381 0.147311
1 0.188334 0.705261 0.188079 0.146954
1 0.468112 0.159346 0.482207 0.318692
1 0.759378 0.658199 0.481244 0.391848
0 0.208459 0.402749 0.061217 0.046070
0 0.928347 0.135008 0.056056 0.040879
0 0.938486 0.174567 0.052432 0.040279
0 0.758691 0.839137 0.052513 0.041392
0 0.637193 0.049091 0.054910 0.039715
1 0.381624 0.646156 0.440583 0.343477
