0 0.312500 0.650434 0.041667 0.040278
0 0.319792 0.685851 0.041667 0.036111
0 0.300000 0.767101 0.056250 0.034722
0 0.093229 0.978342 0.051042 0.043316
0 0.518750 0.349045 0.035417 0.045833
0 0.277604 0.281684 0.028125 0.030556
0 0.257812 0.305990 0.034375 0.020833
0 0.193229 0.294878 0.030208 0.031944
0 0.220313 0.312934 0.023958 0.031945
0 0.041146 0.309462 0.044792 0.038889
0 0.658333 0.608767 0.037500 0.043055
0 0.840104 0.465191 0.019792 0.037500
0 0.854167 0.492578 0.022917 0.037500
0 0.427083 0.799805 0.043750 0.047222
0 0.468750 0.745942 0.066667 0.056944
0 0.425521 0.597613 0.028125 0.052778
0 0.530729 0.499045 0.026042 0.040278
0 0.479688 0.424045 0.032292 0.043056
0 0.916146 0.799045 0.034375 0.031944
0 0.803646 0.479601 0.021875 0.054167
1 0.866667 0.163628 0.177083 0.238889
1 0.571354 0.276823 0.128125 0.190278
1 0.080729 0.557378 0.161458 0.359722
1 0.775521 0.649045 0.151042 0.170833
1 0.669792 0.485851 0.104167 0.141667
