0 0.781901 0.184940 0.036616 0.032197
0 0.209931 0.656058 0.039141 0.038826
0 0.650588 0.163633 0.046717 0.040720
0 0.879755 0.414580 0.045455 0.046402
0 0.317886 0.577933 0.055556 0.041667
0 0.077987 0.336455 0.055556 0.047349
0 0.208462 0.056300 0.061765 0.042875
0 0.628492 0.041001 0.053030 0.053030
1 0.047738 0.763467 0.095476 0.094225
1 0.951398 0.587493 0.097205 0.139650
1 0.923563 0.044720 0.152874 0.089441
1 0.543124 0.657004 0.141089 0.101363
1 0.926039 0.949857 0.147923 0.099472
1 0.391754 0.177137 0.149580 0.099950
1 0.515330 0.277249 0.145233 0.103203
1 0.835634 0.281426 0.141858 0.106573
1 0.303814 0.948591 0.169244 0.101020
1 0.781240 0.616388 0.145676 0.117662
1 0.610609 0.783283 0.137166 0.131567
1 0.166851 0.733743 0.151534 0.128028
1 0.634388 0.372508 0.178788 0.120366
1 0.143042 0.932112 0.161507 0.135777
1 0.220718 0.366113 0.155562 0.141781
1 0.487471 0.794543 0.157228 0.140810
1 0.365899 0.286791 0.175200 0.127195
1 0.442117 0.889722 0.167427 0.149080
0 0.944690 0.920833 0.046594 0.036027
1 0.306209 0.334132 0.486674 0.355398
1 0.063787 0.056420 0.127574 0.112840
