0 0.251042 0.758767 0.029167 0.043056
0 0.858333 0.364279 0.018750 0.069444
0 0.837500 0.153212 0.031250 0.059722
0 0.075000 0.905295 0.039583 0.047222
0 0.868229 0.031684 0.038542 0.058333
1 0.982292 0.653581 0.035417 0.072222
0 0.925521 0.528212 0.036458 0.070833
0 0.045833 0.958767 0.045833 0.056944
1 0.396354 0.318490 0.048958 0.059722
1 0.419792 0.414323 0.056250 0.095833
1 0.292708 0.236545 0.052083 0.106944
1 0.344792 0.796962 0.077083 0.116667
1 0.927083 0.886610 0.070833 0.129167
1 0.794792 0.966775 0.139583 0.066450
1 0.957292 0.190712 0.085417 0.109722
1 0.287500 0.480990 0.093750 0.104167
1 0.092708 0.784462 0.093750 0.105556
1 0.520833 0.449740 0.102083 0.111111
1 0.371875 0.051259 0.120833 0.102517
1 0.538542 0.056120 0.181250 0.112240
1 0.048438 0.278212 0.096875 0.248611
1 0.526042 0.860026 0.112500 0.279948
1 0.076804 0.949315 0.145570 0.101369
