0 0.312204 0.461929 0.036616 0.023674
0 0.745285 0.753596 0.034091 0.025568
0 0.961194 0.593084 0.039141 0.028409
0 0.134805 0.191096 0.040404 0.029356
0 0.737078 0.367705 0.035354 0.034091
0 0.973189 0.570357 0.035354 0.034091
0 0.163214 0.525849 0.041667 0.037879
0 0.881648 0.265906 0.041667 0.038826
0 0.184679 0.921209 0.041667 0.038826
0 0.605133 0.697724 0.046717 0.038826
0 0.401851 0.273008 0.059343 0.035985
0 0.225083 0.232289 0.054293 0.039773
0 0.303366 0.292421 0.059343 0.042614
0 0.120285 0.351607 0.059343 0.045455
0 0.566623 0.299524 0.055555 0.053030
0 0.032940 0.566045 0.065880 0.074781
0 0.416536 0.699802 0.087646 0.066358
1 0.077795 0.905620 0.133526 0.089933
1 0.828427 0.951750 0.132184 0.096036
1 0.207860 0.624891 0.146002 0.098395
1 0.687558 0.051441 0.142294 0.102881
1 0.381357 0.171756 0.142379 0.105403
1 0.453718 0.078253 0.129639 0.116463
1 0.294519 0.414403 0.162655 0.107934
1 0.877441 0.070074 0.146124 0.122602
1 0.172852 0.127914 0.159024 0.115804
1 0.525372 0.900483 0.163388 0.119540
1 0.861386 0.831740 0.156637 0.135766
1 0.134815 0.726027 0.189619 0.136532
1 0.322473 0.831452 0.183474 0.157180
1 0.581450 0.521352 0.230264 0.197949
1 0.775176 0.256086 0.304819 0.255574
0 0.642792 0.821972 0.074192 0.053233
0 0.384351 0.130887 0.045320 0.031755
0 0.748110 0.520636 0.047503 0.035249
