0 0.802517 0.968750 0.038889 0.020833
0 0.106684 0.967708 0.033333 0.025000
0 0.083767 0.113542 0.037500 0.022917
0 0.315017 0.464583 0.033333 0.029167
0 0.820573 0.273958 0.038889 0.025000
0 0.870247 0.407813 0.036111 0.030208
0 0.610156 0.101042 0.043056 0.027083
0 0.244878 0.879687 0.034722 0.034375
0 0.777517 0.033333 0.036111 0.033333
0 0.667860 0.136458 0.038889 0.031250
0 0.663628 0.345833 0.041667 0.029167
0 0.654601 0.919271 0.054167 0.023958
0 0.890885 0.191146 0.038889 0.034375
0 0.962196 0.479688 0.031944 0.063542
1 0.122439 0.750000 0.200000 0.135417
1 0.715017 0.532813 0.433333 0.253125
1 0.872310 0.844736 0.255380 0.235291
0 0.515774 0.156999 0.066003 0.052349
