0 0.587760 0.277604 0.030555 0.023958
0 0.619010 0.290104 0.037500 0.023958
0 0.457899 0.782812 0.043056 0.023958
0 0.962066 0.145312 0.034722 0.030208
0 0.502344 0.486458 0.031944 0.033333
0 0.550260 0.427083 0.030556 0.035417
0 0.898872 0.386458 0.033333 0.035417
0 0.578733 0.446875 0.034722 0.035417
0 0.466927 0.641667 0.047222 0.027083
0 0.923177 0.423958 0.034722 0.037500
0 0.514149 0.841667 0.041667 0.031250
0 0.871094 0.400000 0.033333 0.041667
0 0.351649 0.258854 0.044444 0.032292
0 0.130121 0.531250 0.043056 0.037500
0 0.234918 0.354167 0.047222 0.035417
0 0.048872 0.058854 0.044444 0.038542
0 0.228038 0.662500 0.044444 0.039583
0 0.367622 0.478125 0.043056 0.041667
0 0.156510 0.081250 0.048611 0.037500
0 0.927387 0.313021 0.041667 0.044792
0 0.326280 0.026562 0.070833 0.036458
0 0.549566 0.768229 0.056945 0.046875
0 0.889149 0.857292 0.052778 0.056250
0 0.615538 0.236979 0.077778 0.040625
0 0.734288 0.750521 0.062500 0.061458
0 0.826476 0.882812 0.068056 0.057292
0 0.188672 0.886458 0.069444 0.058333
1 0.225955 0.185937 0.145833 0.128125
1 0.536372 0.901563 0.188889 0.196875
1 0.272483 0.457292 0.338889 0.175000
1 0.735677 0.313021 0.301389 0.230208
1 0.198047 0.869792 0.396094 0.260417
1 0.305145 0.828911 0.204409 0.160929
0 0.211137 0.803196 0.056528 0.041338
0 0.183840 0.020875 0.056129 0.039245
