0 0.192708 0.283767 0.066667 0.068056
0 0.731250 0.171267 0.031250 0.076389
0 0.573438 0.319878 0.046875 0.070833
0 0.497917 0.696267 0.029167 0.043055
0 0.566667 0.842101 0.022917 0.037500
0 0.671354 0.972092 0.051042 0.055816
0 0.906250 0.908073 0.047917 0.075000
0 0.821875 0.439323 0.043750 0.059722
0 0.120313 0.692101 0.044792 0.043055
1 0.813542 0.582379 0.372917 0.190278
1 0.201563 0.799740 0.232292 0.277778
1 0.451042 0.905859 0.222917 0.188281
1 0.390104 0.246745 0.188542 0.154167
1 0.149479 0.031152 0.165625 0.062305
0 0.968750 0.104970 0.062500 0.058333
