0 0.819792 0.501823 0.045833 0.056944
0 0.955729 0.413629 0.028125 0.044444
0 0.954687 0.640017 0.040625 0.055555
0 0.204167 0.689323 0.079167 0.068056
0 0.410417 0.786545 0.037500 0.073611
0 0.651563 0.531684 0.030208 0.052778
0 0.510417 0.807379 0.043750 0.076389
1 0.641146 0.218490 0.228125 0.276389
1 0.859896 0.808898 0.280208 0.382205
1 0.195833 0.420573 0.110417 0.166667
1 0.519792 0.593490 0.139583 0.143056
1 0.219792 0.831163 0.156250 0.177778
1 0.307813 0.131467 0.138542 0.201389
1 0.459375 0.109527 0.120833 0.197222
