0 0.351042 0.595573 0.027083 0.027778
0 0.240104 0.867101 0.028125 0.029167
0 0.273958 0.675434 0.029167 0.043055
0 0.905729 0.892795 0.034375 0.041667
0 0.645833 0.168490 0.029167 0.051389
0 0.518229 0.211545 0.028125 0.056944
0 0.902604 0.685851 0.034375 0.050000
0 0.710417 0.151823 0.047917 0.059722
0 0.052604 0.042795 0.044792 0.066667
0 0.916667 0.214323 0.047917 0.065278
0 0.978646 0.672656 0.042708 0.090278
0 0.346875 0.171962 0.064583 0.066667
1 0.817708 0.458724 0.066667 0.144445
1 0.146354 0.349219 0.094792 0.130556
1 0.656771 0.549740 0.117708 0.147222
1 0.097917 0.545638 0.120833 0.150000
1 0.653125 0.774740 0.108333 0.180555
1 0.046354 0.364800 0.092708 0.240278
1 0.891146 0.789323 0.205208 0.137500
1 0.517187 0.421636 0.148958 0.216667
0 0.259543 0.836201 0.031760 0.042935
0 0.563880 0.109705 0.038239 0.050055
0 0.762653 0.019820 0.042257 0.039594
0 0.572772 0.984947 0.040946 0.030106
0 0.402580 0.718004 0.037542 0.049593
1 0.782958 0.892627 0.148989 0.208683
0 0.519583 0.114215 0.040487 0.049739
