0 0.585053 0.973606 0.056762 0.052788
0 0.112975 0.941574 0.046968 0.064828
0 0.861988 0.665023 0.051883 0.074483
0 0.546988 0.672499 0.053418 0.073370
1 0.751214 0.193046 0.106540 0.152518
1 0.703630 0.057955 0.162218 0.115909
1 0.942189 0.911385 0.115622 0.174922
1 0.223386 0.790951 0.124189 0.169466
1 0.228806 0.579151 0.211791 0.251323
1 0.421812 0.095462 0.295846 0.190924
1 0.629246 0.406466 0.230156 0.272629
0 0.536418 0.739665 0.036962 0.050057
0 0.753750 0.759694 0.041199 0.052259
0 0.911150 0.780570 0.033906 0.044005
0 0.212893 0.325392 0.044198 0.056396
0 0.063741 0.127504 0.041395 0.056930
0 0.203017 0.245463 0.044524 0.052026
0 0.781093 0.543479 0.035528 0.047978
0 0.778510 0.862665 0.050831 0.064517
0 0.453375 0.500234 0.036989 0.049424
0 0.415628 0.984831 0.044627 0.030339
0 0.851286 0.393655 0.033103 0.044520
0 0.985960 0.677500 0.028080 0.046014
0 0.471315 0.419930 0.040985 0.056966
0 0.336081 0.877543 0.041240 0.054395
0 0.928877 0.211796 0.038790 0.051348
