0 0.915104 0.701649 0.028125 0.036111
0 0.667708 0.666927 0.031250 0.047222
0 0.638021 0.891059 0.028125 0.052778
0 0.913542 0.461372 0.033333 0.050000
0 0.260937 0.275890 0.038542 0.045833
0 0.442187 0.801649 0.034375 0.052778
0 0.883854 0.400955 0.036458 0.054167
0 0.442708 0.737760 0.043750 0.047222
0 0.597917 0.883116 0.045833 0.052778
0 0.779687 0.719010 0.042708 0.056944
0 0.400521 0.673872 0.044792 0.061111
0 0.569271 0.612760 0.051042 0.061111
0 0.215104 0.657205 0.069792 0.052778
0 0.942187 0.164149 0.057292 0.075000
1 0.469271 0.444748 0.098958 0.079167
1 0.033854 0.090538 0.067708 0.127778
1 0.257292 0.753733 0.102083 0.106944
1 0.084375 0.352344 0.097917 0.154167
1 0.317708 0.180447 0.141667 0.265278
1 0.743750 0.227344 0.185417 0.212500
0 0.915543 0.701249 0.051693 0.066189
0 0.699532 0.806010 0.062948 0.083479
0 0.035332 0.614102 0.056279 0.075543
0 0.118684 0.638109 0.050029 0.064005
1 0.306309 0.035722 0.154262 0.071375
0 0.510851 0.033150 0.045607 0.059722
