0 0.937500 0.958073 0.020833 0.036111
0 0.782292 0.299740 0.031250 0.038889
0 0.979688 0.037240 0.026042 0.050000
0 0.851042 0.365017 0.031250 0.047222
0 0.208638 0.982139 0.045017 0.035722
0 0.669792 0.798025 0.039583 0.044444
0 0.031250 0.760916 0.037500 0.047222
0 0.977083 0.439323 0.039583 0.051389
0 0.455729 0.555295 0.038542 0.052778
0 0.154167 0.717795 0.037500 0.055556
0 0.440625 0.619141 0.043750 0.048611
0 0.415174 0.962528 0.039058 0.056373
0 0.200521 0.297439 0.048958 0.055555
0 0.264063 0.292969 0.048958 0.056944
0 0.078646 0.805990 0.042708 0.065278
0 0.319792 0.684462 0.045833 0.061111
0 0.448958 0.926823 0.037500 0.076389
0 0.567803 0.972373 0.053009 0.055254
0 0.479320 0.161025 0.054717 0.071876
0 0.092708 0.709462 0.058333 0.080556
0 0.600521 0.079601 0.061458 0.079167
0 0.740800 0.140449 0.069052 0.089255
0 0.576562 0.372656 0.059375 0.106944
0 0.352507 0.204311 0.077250 0.093600
1 0.568371 0.720431 0.084887 0.126857
1 0.317797 0.445357 0.091615 0.124262
1 0.097939 0.332192 0.105672 0.135511
1 0.954167 0.293490 0.091667 0.176389
1 0.699147 0.300327 0.103472 0.189990
1 0.815119 0.090667 0.128729 0.165340
1 0.488473 0.292767 0.134333 0.160599
1 0.139075 0.472210 0.138600 0.167248
1 0.486582 0.502185 0.137598 0.183645
1 0.234638 0.614371 0.136940 0.199715
1 0.813081 0.801639 0.217405 0.265929
