0 0.823872 0.235417 0.036111 0.029167
0 0.614844 0.277083 0.054167 0.027083
0 0.777344 0.228125 0.043056 0.037500
0 0.863455 0.263021 0.054167 0.030208
0 0.898112 0.618750 0.056944 0.029167
0 0.253082 0.044792 0.068056 0.025000
0 0.864475 0.590104 0.061111 0.032292
0 0.556510 0.329167 0.048611 0.043750
0 0.584983 0.534896 0.047222 0.046875
0 0.823177 0.046875 0.059722 0.041667
0 0.316927 0.253125 0.055556 0.045833
0 0.333594 0.342188 0.058333 0.044792
0 0.085677 0.634375 0.059722 0.047917
0 0.371788 0.477083 0.059722 0.052083
0 0.628733 0.519271 0.043056 0.076042
0 0.700260 0.384896 0.072222 0.046875
0 0.897700 0.680208 0.090278 0.037500
0 0.486892 0.976042 0.080556 0.047917
0 0.207899 0.299479 0.076389 0.057292
0 0.681510 0.494271 0.070833 0.063542
0 0.450955 0.578125 0.081944 0.058333
0 0.566233 0.259375 0.098611 0.052083
1 0.662066 0.147396 0.154167 0.107292
1 0.176649 0.902083 0.188889 0.183333
1 0.102908 0.167708 0.205816 0.193750
1 0.699566 0.870833 0.226389 0.193750
1 0.627837 0.702578 0.187954 0.154715
0 0.474363 0.454664 0.054807 0.041676
