0 0.440473 0.748970 0.034683 0.046552
1 0.103329 0.143706 0.206176 0.284455
1 0.172427 0.860990 0.201976 0.267901
0 0.205796 0.444997 0.039235 0.053388
0 0.867930 0.828779 0.039828 0.054260
0 0.451143 0.251596 0.038906 0.051371
0 0.952108 0.286768 0.035592 0.048461
0 0.261759 0.967809 0.052834 0.062063
0 0.274236 0.447673 0.051865 0.065942
0 0.273488 0.690093 0.040921 0.065788
1 0.847802 0.210803 0.304396 0.414750
0 0.309270 0.478255 0.038038 0.051684
0 0.430630 0.701430 0.055117 0.074330
0 0.021825 0.666817 0.043650 0.090436
0 0.409567 0.163548 0.086965 0.121272
0 0.392761 0.220109 0.041251 0.060289
0 0.711549 0.964533 0.063611 0.070682
0 0.727968 0.127323 0.052988 0.073520
0 0.152210 0.472203 0.060763 0.084717
0 0.644104 0.238130 0.049114 0.073110
0 0.338598 0.202528 0.039351 0.059549
0 0.919584 0.849936 0.045935 0.060993
0 0.603760 0.888318 0.034737 0.047111
0 0.714279 0.743853 0.044087 0.054637
0 0.791120 0.455304 0.042244 0.051598
0 0.686108 0.453143 0.036884 0.049396
0 0.122774 0.148063 0.038752 0.052225
0 0.490210 0.293552 0.078305 0.106891
0 0.214592 0.677565 0.034793 0.053247
0 0.347822 0.575055 0.039434 0.054629
0 0.315588 0.744299 0.096444 0.127832
0 0.055151 0.972122 0.083528 0.055756
0 0.563220 0.741230 0.040173 0.060066
0 0.296859 0.200648 0.048291 0.073539
0 0.236272 0.629919 0.030682 0.041459
1 0.487259 0.817916 0.365232 0.363473
0 0.065388 0.913833 0.046091 0.068943
0 0.521261 0.393403 0.069483 0.090794
0 0.439386 0.062314 0.035546 0.047214
0 0.926275 0.621494 0.040058 0.055663
0 0.756204 0.252692 0.053657 0.088160
0 0.269473 0.341519 0.082563 0.102880
0 0.324426 0.603560 0.062331 0.102599
