1 0.129167 0.300434 0.193750 0.226389
1 0.852604 0.337934 0.107292 0.154167
1 0.097917 0.823351 0.183333 0.188889
1 0.832292 0.897092 0.193750 0.205816
0 0.746875 0.683073 0.045833 0.055556
0 0.700521 0.792101 0.057292 0.076389
0 0.522917 0.628212 0.052083 0.059722
0 0.771875 0.222656 0.037500 0.043056
0 0.764583 0.176128 0.029167 0.036111
0 0.736979 0.136545 0.030208 0.054167
0 0.421875 0.549045 0.058333 0.081944
0 0.023958 0.513108 0.047917 0.080556
0 0.319792 0.102300 0.037500 0.090278
0 0.381250 0.101888 0.029167 0.056944
0 0.409896 0.135525 0.032292 0.061111
0 0.955208 0.746918 0.025000 0.068056
0 0.670833 0.443490 0.043750 0.048611
0 0.722917 0.385156 0.027083 0.054167
0 0.740625 0.433767 0.052083 0.098611
0 0.465104 0.415017 0.046875 0.047222
0 0.480729 0.371267 0.076042 0.043056
0 0.505729 0.318490 0.063542 0.070833
0 0.615104 0.299740 0.046875 0.072222
0 0.953125 0.176823 0.041667 0.059722
0 0.365625 0.914323 0.047917 0.059722
0 0.657812 0.666406 0.044792 0.058333
