0 0.176128 0.235417 0.036111 0.029167
0 0.385156 0.277083 0.054167 0.027083
0 0.222656 0.228125 0.043056 0.037500
0 0.136545 0.263021 0.054167 0.030208
0 0.101888 0.618750 0.056944 0.029167
0 0.746918 0.044792 0.068056 0.025000
0 0.135525 0.590104 0.061111 0.032292
0 0.443490 0.329167 0.048611 0.043750
0 0.415017 0.534896 0.047222 0.046875
0 0.176823 0.046875 0.059722 0.041667
0 0.683073 0.253125 0.055556 0.045833
0 0.666406 0.342188 0.058333 0.044792
0 0.914323 0.634375 0.059722 0.047917
0 0.628212 0.477083 0.059722 0.052083
0 0.371267 0.519271 0.043056 0.076042
0 0.299740 0.384896 0.072222 0.046875
0 0.102300 0.680208 0.090278 0.037500
0 0.513108 0.976042 0.080556 0.047917
0 0.792101 0.299479 0.076389 0.057292
0 0.318490 0.494271 0.070833 0.063542
0 0.549045 0.578125 0.081944 0.058333
0 0.433767 0.259375 0.098611 0.052083
1 0.337934 0.147396 0.154167 0.107292
1 0.823351 0.902083 0.188889 0.183333
1 0.897092 0.167708 0.205816 0.193750
1 0.300434 0.870833 0.226389 0.193750
0 0.525861 0.454246 0.051763 0.040602
