0 0.476129 0.740104 0.030556 0.026042
0 0.139323 0.541146 0.043055 0.019792
0 0.392101 0.701042 0.034722 0.027083
0 0.446267 0.652083 0.045833 0.027083
0 0.633029 0.069792 0.040278 0.031250
0 0.805360 0.420312 0.050000 0.026042
0 0.512240 0.773437 0.041667 0.032292
0 0.538629 0.804167 0.047222 0.029167
0 0.582856 0.678646 0.048611 0.034375
0 0.237609 0.079687 0.068056 0.026042
0 0.103212 0.828646 0.043056 0.042708
0 0.457379 0.277604 0.048611 0.038542
0 0.044358 0.682292 0.059722 0.033333
0 0.052517 0.353646 0.050000 0.042708
0 0.127517 0.781771 0.052778 0.044792
0 0.405295 0.490104 0.058333 0.044792
0 0.690712 0.826562 0.079167 0.051042
1 0.074045 0.174479 0.109722 0.115625
1 0.901823 0.934375 0.193055 0.131250
1 0.765017 0.220833 0.222222 0.139583
1 0.294878 0.170833 0.298611 0.160417
1 0.310851 0.893750 0.244444 0.200000
1 0.737934 0.528125 0.356944 0.264583
0 0.747564 0.801484 0.065417 0.047660
0 0.823109 0.847145 0.071076 0.052835
1 0.592067 0.137048 0.189621 0.129788
