1 0.863138 0.802946 0.128085 0.196570
1 0.602292 0.764483 0.118707 0.196140
1 0.291507 0.182937 0.169614 0.204310
1 0.381577 0.711027 0.141383 0.168275
1 0.115944 0.939498 0.173405 0.120983
1 0.362896 0.900284 0.145481 0.188489
1 0.846541 0.184749 0.166491 0.174232
1 0.728173 0.595855 0.110220 0.140773
1 0.421024 0.316125 0.111211 0.142675
1 0.050732 0.156259 0.101465 0.128274
1 0.940170 0.539678 0.117877 0.208120
1 0.683305 0.101509 0.105418 0.149334
1 0.202578 0.832779 0.105501 0.139943
1 0.968699 0.291791 0.062601 0.208963
1 0.962666 0.146183 0.074669 0.226121
1 0.954706 0.052013 0.090588 0.104027
1 0.962336 0.646069 0.075328 0.212715
1 0.147500 0.239250 0.066000 0.093333
1 0.164500 0.495250 0.078000 0.130667
1 0.060500 0.755250 0.116000 0.232000
