0 0.244271 0.643490 0.019792 0.034722
0 0.729687 0.773134 0.030208 0.051389
0 0.904687 0.976129 0.042708 0.044444
0 0.839583 0.785916 0.043750 0.044444
0 0.219792 0.717470 0.037500 0.052778
0 0.661458 0.053212 0.039583 0.054167
0 0.183854 0.296962 0.032292 0.069444
0 0.717708 0.877517 0.047917 0.050000
0 0.418229 0.479601 0.038542 0.065278
0 0.023958 0.826129 0.033333 0.077778
0 0.044271 0.927517 0.051042 0.052778
0 0.129687 0.837240 0.042708 0.066667
0 0.691146 0.261545 0.046875 0.062500
0 0.755729 0.068490 0.061458 0.048611
0 0.050521 0.189280 0.036458 0.086111
0 0.596354 0.533073 0.071875 0.047222
0 0.536458 0.599219 0.054167 0.066667
0 0.210937 0.511545 0.055208 0.076389
1 0.406771 0.699045 0.151042 0.151389
1 0.250000 0.920703 0.256250 0.158594
1 0.637500 0.808767 0.191667 0.223611
1 0.111979 0.528906 0.163542 0.269444
0 0.237026 0.654161 0.044239 0.059148
0 0.907450 0.595947 0.057125 0.076474
0 0.975822 0.780897 0.038924 0.051326
