0 0.985895 0.210818 0.028110 0.033692
0 0.443099 0.868436 0.036782 0.028639
0 0.968013 0.493587 0.041139 0.031491
0 0.613197 0.828540 0.042166 0.031805
0 0.020007 0.580244 0.040014 0.033759
0 0.551974 0.952574 0.043964 0.031613
0 0.636365 0.907342 0.043988 0.032523
0 0.409926 0.911431 0.044191 0.032775
0 0.852004 0.632055 0.045371 0.031986
0 0.859192 0.237795 0.045550 0.032594
0 0.846190 0.738686 0.045380 0.033499
0 0.499452 0.775510 0.046922 0.034235
0 0.513567 0.291349 0.046670 0.034951
0 0.296981 0.022412 0.047016 0.034783
0 0.515805 0.315084 0.048006 0.034163
0 0.750963 0.274349 0.047620 0.034774
0 0.589095 0.886773 0.048394 0.034411
0 0.115549 0.227396 0.046586 0.035805
0 0.512810 0.836108 0.046648 0.036308
0 0.029388 0.028399 0.047807 0.035564
0 0.743610 0.546247 0.048348 0.035264
0 0.186854 0.476633 0.048118 0.036065
0 0.605225 0.524973 0.049421 0.036251
0 0.814956 0.158353 0.048698 0.037218
0 0.981692 0.855613 0.036154 0.050204
0 0.526582 0.639812 0.048944 0.037251
0 0.929697 0.047968 0.049602 0.037763
0 0.916750 0.886884 0.049617 0.038238
0 0.927509 0.458004 0.050703 0.038098
0 0.550222 0.731690 0.050665 0.038472
0 0.157337 0.303064 0.051362 0.038709
0 0.722488 0.062591 0.053807 0.037017
0 0.404759 0.212338 0.051966 0.038373
0 0.630342 0.372340 0.051881 0.039407
0 0.969543 0.686615 0.051533 0.039927
0 0.090423 0.376197 0.054331 0.038696
0 0.179490 0.667703 0.053627 0.039637
0 0.924295 0.826427 0.053631 0.039717
0 0.273440 0.455882 0.054956 0.040062
0 0.026718 0.321114 0.053136 0.042867
0 0.900524 0.159562 0.055190 0.041439
0 0.757370 0.833190 0.057422 0.040052
0 0.896962 0.082011 0.055972 0.041179
0 0.723218 0.569621 0.060163 0.042121
0 0.807054 0.324724 0.059912 0.044042
0 0.656794 0.282759 0.059929 0.044356
0 0.523380 0.890578 0.063054 0.042700
0 0.808443 0.029771 0.061428 0.047084
0 0.274249 0.416361 0.065333 0.047455
0 0.906539 0.798419 0.075483 0.054503
1 0.223167 0.226000 0.089333 0.065000
1 0.791833 0.647000 0.101333 0.063000
1 0.797791 0.452440 0.163507 0.113584
1 0.489833 0.885500 0.233333 0.160000
0 0.840409 0.226651 0.054924 0.041292
0 0.419216 0.927996 0.042413 0.030635
0 0.578569 0.249392 0.045505 0.033873
0 0.834920 0.683684 0.036738 0.027896
0 0.987307 0.299615 0.025387 0.038961
0 0.983870 0.185191 0.032260 0.042765
0 0.366469 0.374232 0.052532 0.039493
