0 0.255208 0.378212 0.039583 0.062500
0 0.226042 0.524740 0.037500 0.066667
0 0.019792 0.619184 0.031250 0.075000
0 0.142188 0.642101 0.063542 0.045833
1 0.730729 0.624045 0.136458 0.206944
1 0.598958 0.069314 0.185417 0.138628
1 0.174479 0.111545 0.119792 0.112500
1 0.158333 0.230295 0.058333 0.066667
1 0.373437 0.455295 0.153125 0.169444
1 0.930729 0.589323 0.084375 0.131944
1 0.489063 0.694184 0.105208 0.133333
0 0.907292 0.159635 0.072917 0.090278
0 0.197917 0.804384 0.041667 0.050000
0 0.238542 0.732444 0.054167 0.059722
0 0.138021 0.712609 0.028125 0.045833
0 0.784375 0.844141 0.022917 0.034722
0 0.761979 0.900434 0.026042 0.023611
0 0.552604 0.250434 0.028125 0.023611
1 0.855208 0.430295 0.116667 0.113889
1 0.091146 0.258767 0.071875 0.109722
