0 0.356510 0.755729 0.034722 0.019792
0 0.226866 0.270313 0.051389 0.030208
0 0.023871 0.095313 0.044444 0.042708
0 0.214084 0.160417 0.044444 0.043750
0 0.282530 0.780208 0.052778 0.037500
0 0.946788 0.338542 0.054167 0.039583
0 0.703038 0.816146 0.069444 0.032292
0 0.122483 0.282292 0.050000 0.047917
0 0.520399 0.581771 0.065278 0.038542
0 0.173871 0.976042 0.077778 0.033333
0 0.072483 0.955729 0.052778 0.051042
0 0.162760 0.870313 0.066667 0.042708
0 0.738455 0.308854 0.062500 0.046875
0 0.931510 0.244271 0.048611 0.061458
0 0.810720 0.949479 0.086111 0.036458
0 0.466927 0.403646 0.047222 0.071875
0 0.400781 0.463542 0.066667 0.054167
0 0.488455 0.789063 0.076389 0.055208
1 0.300955 0.593229 0.151389 0.151042
1 0.079297 0.750000 0.158594 0.256250
1 0.191233 0.362500 0.223611 0.191667
1 0.471094 0.888021 0.269444 0.163542
0 0.404570 0.092018 0.077678 0.057213
0 0.345989 0.762574 0.059617 0.043394
